# Solver information
# Time        	U_solver      	Ux_initial    	Ux_final      	Ux_iters      	Uy_initial    	Uy_final      	Uy_iters      	Uz_initial    	Uz_final      	Uz_iters      	U_converged   	p_solver      	p_initial     	p_final       	p_iters       	p_converged   
1             	smoothSolver	8.734470e-02	8.160920e-03	7	5.846450e-01	4.453730e-02	7	4.000590e-01	3.770630e-02	5	false	GAMG	1.000000e+00	5.847770e-03	5	true
2             	smoothSolver	3.849070e-02	3.800020e-03	7	3.838000e-01	3.588500e-02	7	1.640150e-01	1.322310e-02	7	false	GAMG	7.543620e-02	3.474410e-04	5	true
3             	smoothSolver	2.022520e-02	1.668600e-03	8	2.966060e-01	2.848940e-02	7	1.108910e-01	9.688280e-03	7	false	GAMG	5.183310e-02	5.068110e-04	4	true
4             	smoothSolver	1.367780e-02	1.171630e-03	8	2.366840e-01	2.186570e-02	7	1.000150e-01	8.903170e-03	7	false	GAMG	4.555240e-02	3.974850e-04	4	true
5             	smoothSolver	1.061680e-02	8.809600e-04	8	2.042760e-01	1.827290e-02	7	1.034000e-01	9.224130e-03	7	false	GAMG	4.102230e-02	3.415960e-04	4	true
6             	smoothSolver	8.502490e-03	6.813200e-04	8	1.830200e-01	1.621180e-02	7	1.091550e-01	9.791320e-03	7	false	GAMG	3.674340e-02	2.893460e-04	4	true
7             	smoothSolver	7.116770e-03	5.543730e-04	8	1.650720e-01	1.464110e-02	7	1.195120e-01	1.071420e-02	7	false	GAMG	3.281780e-02	2.389780e-04	4	true
8             	smoothSolver	6.114660e-03	4.807260e-04	8	1.468200e-01	1.298040e-02	7	1.308300e-01	1.174320e-02	7	false	GAMG	2.995960e-02	1.902390e-04	4	true
9             	smoothSolver	5.356960e-03	4.303530e-04	8	1.312400e-01	1.155240e-02	7	1.372400e-01	1.229390e-02	7	false	GAMG	2.777480e-02	1.536780e-04	4	true
10            	smoothSolver	4.782480e-03	3.919230e-04	8	1.186190e-01	1.038640e-02	7	1.222210e-01	1.097800e-02	7	false	GAMG	2.611870e-02	1.310480e-04	4	true
11            	smoothSolver	4.356690e-03	3.600080e-04	8	1.072810e-01	9.390170e-03	7	1.109270e-01	9.975710e-03	7	false	GAMG	2.500610e-02	1.223320e-04	4	true
12            	smoothSolver	4.058670e-03	3.345780e-04	8	9.701900e-02	8.543350e-03	7	1.058560e-01	9.589480e-03	7	false	GAMG	2.400150e-02	1.201950e-04	4	true
13            	smoothSolver	3.845140e-03	3.144270e-04	8	8.813270e-02	7.900560e-03	7	1.025540e-01	9.396290e-03	7	false	GAMG	2.338510e-02	1.212590e-04	4	true
14            	smoothSolver	3.684570e-03	3.005220e-04	8	8.117540e-02	7.410790e-03	7	9.740240e-02	9.032980e-03	7	false	GAMG	2.282710e-02	1.217610e-04	4	true
15            	smoothSolver	3.530330e-03	2.893960e-04	8	7.547030e-02	7.000840e-03	7	8.697630e-02	8.192830e-03	7	false	GAMG	2.226210e-02	1.214780e-04	4	true
16            	smoothSolver	3.361680e-03	2.756320e-04	8	7.031350e-02	6.572900e-03	7	7.849120e-02	7.397110e-03	7	false	GAMG	2.158460e-02	1.167820e-04	4	true
17            	smoothSolver	3.185270e-03	2.620720e-04	8	6.554030e-02	6.157050e-03	7	7.175320e-02	6.689420e-03	7	false	GAMG	2.076510e-02	1.078580e-04	4	true
18            	smoothSolver	3.012500e-03	2.479880e-04	8	6.150390e-02	5.731200e-03	7	6.600420e-02	6.101960e-03	7	false	GAMG	1.989190e-02	9.738020e-05	4	true
19            	smoothSolver	2.860410e-03	2.348810e-04	8	5.809180e-02	5.383730e-03	7	6.197460e-02	5.743020e-03	7	false	GAMG	1.919870e-02	9.237750e-05	4	true
20            	smoothSolver	2.730890e-03	2.241860e-04	8	5.545350e-02	5.127320e-03	7	5.951260e-02	5.537520e-03	7	false	GAMG	1.869290e-02	9.124900e-05	4	true
21            	smoothSolver	2.620790e-03	2.174400e-04	8	5.315410e-02	4.950490e-03	7	5.760240e-02	5.410480e-03	7	false	GAMG	1.809280e-02	9.093910e-05	4	true
22            	smoothSolver	2.518400e-03	2.126780e-04	8	5.115560e-02	4.848910e-03	7	5.555170e-02	5.283640e-03	7	false	GAMG	1.745230e-02	9.076080e-05	4	true
23            	smoothSolver	2.425190e-03	2.085360e-04	8	4.942420e-02	4.811450e-03	7	5.343200e-02	5.156360e-03	7	false	GAMG	1.682520e-02	8.711030e-05	4	true
24            	smoothSolver	2.344660e-03	2.036540e-04	8	4.814500e-02	4.762240e-03	7	5.149250e-02	5.028700e-03	7	false	GAMG	1.611710e-02	8.115190e-05	4	true
25            	smoothSolver	2.263360e-03	1.964370e-04	8	4.679240e-02	4.616790e-03	7	4.922830e-02	4.818220e-03	7	false	GAMG	1.546890e-02	7.508280e-05	4	true
26            	smoothSolver	2.179430e-03	1.884660e-04	8	4.492030e-02	4.381000e-03	7	4.630100e-02	4.510450e-03	7	false	GAMG	1.489730e-02	6.945510e-05	4	true
27            	smoothSolver	2.070310e-03	1.787890e-04	8	4.253580e-02	4.094880e-03	7	4.285050e-02	4.126100e-03	7	false	GAMG	1.436620e-02	6.688160e-05	4	true
28            	smoothSolver	1.954710e-03	1.686270e-04	8	3.983380e-02	3.802220e-03	7	3.940800e-02	3.751840e-03	7	false	GAMG	1.383350e-02	6.559390e-05	4	true
29            	smoothSolver	1.854440e-03	1.599560e-04	8	3.731370e-02	3.532700e-03	7	3.641650e-02	3.451360e-03	7	false	GAMG	1.335650e-02	6.453490e-05	4	true
30            	smoothSolver	1.759090e-03	1.511980e-04	8	3.499360e-02	3.290940e-03	7	3.394280e-02	3.190400e-03	7	false	GAMG	1.283870e-02	6.348080e-05	4	true
31            	smoothSolver	1.664140e-03	1.422180e-04	8	3.300480e-02	3.083380e-03	7	3.184040e-02	2.943880e-03	7	false	GAMG	1.237190e-02	6.104330e-05	4	true
32            	smoothSolver	1.570220e-03	1.335520e-04	8	3.124420e-02	2.885930e-03	7	2.996720e-02	2.724010e-03	7	false	GAMG	1.193710e-02	5.753070e-05	4	true
33            	smoothSolver	1.482870e-03	1.253420e-04	8	2.996960e-02	2.754620e-03	7	2.846300e-02	2.554500e-03	7	false	GAMG	1.154200e-02	5.335390e-05	4	true
34            	smoothSolver	1.405550e-03	1.179410e-04	8	2.932150e-02	2.694480e-03	7	2.728250e-02	2.413380e-03	7	false	GAMG	1.118310e-02	4.903840e-05	4	true
35            	smoothSolver	1.345850e-03	1.106860e-04	8	2.879400e-02	2.632190e-03	7	2.618320e-02	2.263100e-03	7	false	GAMG	1.085380e-02	4.621760e-05	4	true
36            	smoothSolver	1.291030e-03	1.033590e-04	8	2.819220e-02	2.532550e-03	7	2.498960e-02	2.115700e-03	7	false	GAMG	1.051270e-02	4.516200e-05	4	true
37            	smoothSolver	1.227510e-03	9.672930e-05	8	2.742070e-02	2.408040e-03	7	2.366860e-02	1.977020e-03	7	false	GAMG	1.016310e-02	4.426830e-05	4	true
38            	smoothSolver	1.161920e-03	9.105800e-05	8	2.635170e-02	2.282050e-03	7	2.223480e-02	1.845320e-03	7	false	GAMG	9.782690e-03	4.270190e-05	4	true
39            	smoothSolver	1.095600e-03	8.588140e-05	8	2.522610e-02	2.163200e-03	7	2.086290e-02	1.723820e-03	7	false	GAMG	9.375950e-03	4.136940e-05	4	true
40            	smoothSolver	1.032760e-03	8.121070e-05	8	2.404210e-02	2.042560e-03	7	1.953960e-02	1.608660e-03	7	false	GAMG	8.969790e-03	4.073620e-05	4	true
41            	smoothSolver	9.795710e-04	7.688470e-05	8	2.287570e-02	1.924130e-03	7	1.847010e-02	1.489280e-03	7	false	GAMG	8.616470e-03	4.040320e-05	4	true
42            	smoothSolver	9.300700e-04	7.271680e-05	8	2.166430e-02	1.803410e-03	7	1.760090e-02	1.394310e-03	7	false	GAMG	8.332290e-03	3.967870e-05	4	true
43            	smoothSolver	8.807290e-04	6.807680e-05	8	2.047360e-02	1.681010e-03	7	1.680200e-02	1.318300e-03	7	false	GAMG	8.038560e-03	3.838530e-05	4	true
44            	smoothSolver	8.315170e-04	6.352990e-05	8	1.933660e-02	1.579440e-03	7	1.610190e-02	1.256340e-03	7	false	GAMG	7.707610e-03	3.668780e-05	4	true
45            	smoothSolver	7.896670e-04	6.023590e-05	8	1.822330e-02	1.495730e-03	7	1.533990e-02	1.194220e-03	7	false	GAMG	7.390320e-03	3.471320e-05	4	true
46            	smoothSolver	7.543550e-04	5.802570e-05	8	1.724520e-02	1.427350e-03	7	1.460300e-02	1.139710e-03	7	false	GAMG	7.082550e-03	3.291670e-05	4	true
47            	smoothSolver	7.273240e-04	5.640860e-05	8	1.655150e-02	1.377880e-03	7	1.408850e-02	1.102330e-03	7	false	GAMG	6.790690e-03	3.161950e-05	4	true
48            	smoothSolver	7.060210e-04	5.509250e-05	8	1.605360e-02	1.339770e-03	7	1.367710e-02	1.075680e-03	7	false	GAMG	6.536110e-03	3.108200e-05	4	true
49            	smoothSolver	6.880590e-04	5.393870e-05	8	1.561700e-02	1.300670e-03	7	1.331470e-02	1.059010e-03	7	false	GAMG	6.304710e-03	3.058130e-05	4	true
50            	smoothSolver	6.715070e-04	5.217090e-05	8	1.521020e-02	1.262170e-03	7	1.292730e-02	1.041300e-03	7	false	GAMG	6.103600e-03	2.987360e-05	4	true
51            	smoothSolver	6.538160e-04	5.004750e-05	8	1.475090e-02	1.213490e-03	7	1.254790e-02	1.023140e-03	7	false	GAMG	5.923500e-03	2.873790e-05	4	true
52            	smoothSolver	6.314200e-04	4.767400e-05	8	1.421160e-02	1.161010e-03	7	1.216600e-02	9.968740e-04	7	false	GAMG	5.757410e-03	2.753780e-05	4	true
53            	smoothSolver	6.055720e-04	5.981400e-05	7	1.366120e-02	1.104630e-03	7	1.177430e-02	9.617610e-04	7	false	GAMG	5.601350e-03	2.647530e-05	4	true
54            	smoothSolver	5.807690e-04	5.730330e-05	7	1.310600e-02	1.054780e-03	7	1.139560e-02	9.225260e-04	7	false	GAMG	5.460840e-03	2.503790e-05	4	true
55            	smoothSolver	5.580430e-04	5.509870e-05	7	1.264450e-02	1.023970e-03	7	1.103430e-02	8.950530e-04	7	false	GAMG	5.289200e-03	2.355860e-05	4	true
56            	smoothSolver	5.372080e-04	5.317700e-05	7	1.222690e-02	9.964730e-04	7	1.071790e-02	8.824840e-04	7	false	GAMG	5.132620e-03	2.206090e-05	4	true
57            	smoothSolver	5.219910e-04	5.131580e-05	7	1.187390e-02	9.658770e-04	7	1.042940e-02	8.747530e-04	7	false	GAMG	4.975080e-03	2.090910e-05	4	true
58            	smoothSolver	5.090180e-04	4.968450e-05	7	1.156560e-02	9.408240e-04	7	1.017540e-02	8.636450e-04	7	false	GAMG	4.818400e-03	2.001310e-05	4	true
59            	smoothSolver	4.971290e-04	4.846750e-05	7	1.127740e-02	9.191310e-04	7	9.905540e-03	8.425890e-04	7	false	GAMG	4.656970e-03	1.962910e-05	4	true
60            	smoothSolver	4.866930e-04	4.767850e-05	7	1.096400e-02	8.986900e-04	7	9.633060e-03	8.179350e-04	7	false	GAMG	4.495150e-03	1.953620e-05	4	true
61            	smoothSolver	4.785290e-04	4.707800e-05	7	1.067630e-02	8.766310e-04	7	9.379460e-03	7.885580e-04	7	false	GAMG	4.366020e-03	1.956900e-05	4	true
62            	smoothSolver	4.711300e-04	4.664260e-05	7	1.047990e-02	8.636570e-04	7	9.165890e-03	7.639640e-04	7	false	GAMG	4.266610e-03	1.944430e-05	4	true
63            	smoothSolver	4.649940e-04	4.642530e-05	7	1.033540e-02	8.542120e-04	7	8.975490e-03	7.412410e-04	7	false	GAMG	4.172070e-03	1.920640e-05	4	true
64            	smoothSolver	4.566830e-04	3.482580e-05	8	1.016590e-02	8.451800e-04	7	8.767660e-03	7.264580e-04	7	false	GAMG	4.069090e-03	1.891800e-05	4	true
65            	smoothSolver	4.453450e-04	3.438320e-05	8	9.983890e-03	8.329440e-04	7	8.567820e-03	7.103230e-04	7	false	GAMG	3.962720e-03	1.845450e-05	4	true
66            	smoothSolver	4.318790e-04	3.356990e-05	8	9.721170e-03	8.140060e-04	7	8.334170e-03	6.929140e-04	7	false	GAMG	3.849830e-03	1.781220e-05	4	true
67            	smoothSolver	4.191390e-04	3.267260e-05	8	9.412200e-03	7.896360e-04	7	8.087440e-03	6.747250e-04	7	false	GAMG	3.734020e-03	1.689900e-05	4	true
68            	smoothSolver	4.071380e-04	3.175160e-05	8	9.083890e-03	7.655980e-04	7	7.835310e-03	6.578580e-04	7	false	GAMG	3.616380e-03	1.623450e-05	4	true
69            	smoothSolver	3.953590e-04	3.082600e-05	8	8.759050e-03	7.387150e-04	7	7.584320e-03	6.367590e-04	7	false	GAMG	3.512020e-03	1.570160e-05	4	true
70            	smoothSolver	3.820250e-04	2.972070e-05	8	8.423870e-03	7.119570e-04	7	7.344330e-03	6.154710e-04	7	false	GAMG	3.418580e-03	1.536740e-05	4	true
71            	smoothSolver	3.671390e-04	2.830050e-05	8	8.106820e-03	6.794550e-04	7	7.088570e-03	5.895740e-04	7	false	GAMG	3.325800e-03	1.460140e-05	4	true
72            	smoothSolver	3.514750e-04	2.665400e-05	8	7.824460e-03	6.513270e-04	7	6.816980e-03	5.643100e-04	7	false	GAMG	3.241960e-03	1.352870e-05	4	true
73            	smoothSolver	3.388290e-04	3.352770e-05	7	7.613480e-03	6.334450e-04	7	6.578170e-03	5.454160e-04	7	false	GAMG	3.159330e-03	1.288730e-05	4	true
74            	smoothSolver	3.299500e-04	3.244290e-05	7	7.477440e-03	6.242070e-04	7	6.414050e-03	5.357230e-04	7	false	GAMG	3.083180e-03	1.301750e-05	4	true
75            	smoothSolver	3.241730e-04	3.213220e-05	7	7.399680e-03	6.211890e-04	7	6.321160e-03	5.307550e-04	7	false	GAMG	3.016090e-03	1.335750e-05	4	true
76            	smoothSolver	3.188230e-04	2.428920e-05	8	7.327230e-03	6.154310e-04	7	6.236200e-03	5.241070e-04	7	false	GAMG	2.964890e-03	1.335070e-05	4	true
77            	smoothSolver	3.149260e-04	2.400350e-05	8	7.278400e-03	6.051470e-04	7	6.170800e-03	5.143920e-04	7	false	GAMG	2.920260e-03	1.292330e-05	4	true
78            	smoothSolver	3.098860e-04	3.091900e-05	7	7.195500e-03	5.945490e-04	7	6.059440e-03	5.017250e-04	7	false	GAMG	2.897560e-03	1.257760e-05	4	true
79            	smoothSolver	3.073980e-04	3.013660e-05	7	7.059280e-03	5.817160e-04	7	5.941970e-03	4.872210e-04	7	false	GAMG	2.883890e-03	1.253930e-05	4	true
80            	smoothSolver	3.044140e-04	2.947890e-05	7	6.912150e-03	5.678990e-04	7	5.836520e-03	4.744200e-04	7	false	GAMG	2.872350e-03	1.278840e-05	4	true
81            	smoothSolver	3.004200e-04	2.894040e-05	7	6.802580e-03	5.567960e-04	7	5.769020e-03	4.653850e-04	7	false	GAMG	2.868450e-03	1.300510e-05	4	true
82            	smoothSolver	2.954670e-04	2.862390e-05	7	6.712970e-03	5.503990e-04	7	5.692450e-03	4.568800e-04	7	false	GAMG	2.859410e-03	1.300990e-05	4	true
83            	smoothSolver	2.922650e-04	2.836140e-05	7	6.656850e-03	5.409690e-04	7	5.627020e-03	4.460270e-04	7	false	GAMG	2.831400e-03	1.256130e-05	4	true
84            	smoothSolver	2.875610e-04	2.807290e-05	7	6.565260e-03	5.324430e-04	7	5.507620e-03	4.312640e-04	7	false	GAMG	2.793550e-03	1.214100e-05	4	true
85            	smoothSolver	2.848080e-04	2.795270e-05	7	6.468550e-03	5.259760e-04	7	5.395630e-03	4.170830e-04	7	false	GAMG	2.748530e-03	1.210710e-05	4	true
86            	smoothSolver	2.827480e-04	2.807660e-05	7	6.370070e-03	5.258320e-04	7	5.278530e-03	4.068520e-04	7	false	GAMG	2.703520e-03	1.248350e-05	4	true
87            	smoothSolver	2.814880e-04	2.132400e-05	8	6.291320e-03	5.246270e-04	7	5.196450e-03	4.028700e-04	7	false	GAMG	2.662950e-03	1.275500e-05	4	true
88            	smoothSolver	2.801790e-04	2.134650e-05	8	6.293840e-03	5.297190e-04	7	5.165510e-03	4.037620e-04	7	false	GAMG	2.640720e-03	1.287120e-05	4	true
89            	smoothSolver	2.802600e-04	2.130360e-05	8	6.336940e-03	5.328070e-04	7	5.159070e-03	4.080680e-04	7	false	GAMG	2.618650e-03	1.261020e-05	4	true
90            	smoothSolver	2.779420e-04	2.106860e-05	8	6.354340e-03	5.267780e-04	7	5.115200e-03	4.094030e-04	7	false	GAMG	2.609000e-03	1.225340e-05	4	true
91            	smoothSolver	2.770340e-04	2.743720e-05	7	6.344210e-03	5.217060e-04	7	5.094440e-03	4.116850e-04	7	false	GAMG	2.589660e-03	1.197840e-05	4	true
92            	smoothSolver	2.749370e-04	2.697820e-05	7	6.267430e-03	5.164330e-04	7	5.046830e-03	4.130360e-04	7	false	GAMG	2.579040e-03	1.168660e-05	4	true
93            	smoothSolver	2.732130e-04	2.633530e-05	7	6.189730e-03	5.104610e-04	7	5.025190e-03	4.120020e-04	7	false	GAMG	2.565880e-03	1.157730e-05	4	true
94            	smoothSolver	2.707010e-04	2.593150e-05	7	6.085540e-03	5.039120e-04	7	5.000560e-03	4.104260e-04	7	false	GAMG	2.559010e-03	1.162030e-05	4	true
95            	smoothSolver	2.691570e-04	2.589750e-05	7	6.013870e-03	5.014820e-04	7	4.990010e-03	4.088890e-04	7	false	GAMG	2.542220e-03	1.155510e-05	4	true
96            	smoothSolver	2.648580e-04	2.581070e-05	7	5.913560e-03	4.972640e-04	7	4.942190e-03	4.045860e-04	7	false	GAMG	2.528430e-03	1.137920e-05	4	true
97            	smoothSolver	2.615100e-04	2.561200e-05	7	5.846440e-03	4.922400e-04	7	4.896230e-03	4.015560e-04	7	false	GAMG	2.504400e-03	1.090220e-05	4	true
98            	smoothSolver	2.572820e-04	2.559110e-05	7	5.774170e-03	4.868030e-04	7	4.838080e-03	3.974330e-04	7	false	GAMG	2.475320e-03	1.066230e-05	4	true
99            	smoothSolver	2.535510e-04	2.527970e-05	7	5.717100e-03	4.844380e-04	7	4.789340e-03	3.940310e-04	7	false	GAMG	2.442400e-03	1.064790e-05	4	true
100           	smoothSolver	2.507150e-04	1.917180e-05	8	5.657420e-03	4.844370e-04	7	4.754140e-03	3.907900e-04	7	false	GAMG	2.416840e-03	1.094080e-05	4	true
101           	smoothSolver	2.481710e-04	1.930010e-05	8	5.627350e-03	4.856510e-04	7	4.733080e-03	3.882480e-04	7	false	GAMG	2.393150e-03	1.107300e-05	4	true
102           	smoothSolver	2.456460e-04	1.955430e-05	8	5.605040e-03	4.872690e-04	7	4.692280e-03	3.846920e-04	7	false	GAMG	2.378170e-03	1.107670e-05	4	true
103           	smoothSolver	2.447460e-04	1.954030e-05	8	5.567870e-03	4.823500e-04	7	4.634170e-03	3.779430e-04	7	false	GAMG	2.358270e-03	1.081640e-05	4	true
104           	smoothSolver	2.421760e-04	1.927720e-05	8	5.492840e-03	4.700230e-04	7	4.543580e-03	3.687430e-04	7	false	GAMG	2.341940e-03	1.026150e-05	4	true
105           	smoothSolver	2.394260e-04	1.870640e-05	8	5.420510e-03	4.544020e-04	7	4.466150e-03	3.602470e-04	7	false	GAMG	2.328670e-03	9.346750e-06	4	true
106           	smoothSolver	2.344280e-04	1.780120e-05	8	5.330490e-03	4.429510e-04	7	4.390970e-03	3.522560e-04	7	false	GAMG	2.320550e-03	8.641320e-06	4	true
107           	smoothSolver	2.288970e-04	2.231020e-05	7	5.242270e-03	4.318440e-04	7	4.333860e-03	3.446150e-04	7	false	GAMG	2.316650e-03	8.406470e-06	4	true
108           	smoothSolver	2.226310e-04	2.135480e-05	7	5.164330e-03	4.219040e-04	7	4.256050e-03	3.347850e-04	7	false	GAMG	2.311030e-03	8.550230e-06	4	true
109           	smoothSolver	2.175140e-04	2.072000e-05	7	5.116020e-03	4.136950e-04	7	4.202470e-03	3.266520e-04	7	false	GAMG	2.294040e-03	8.705580e-06	4	true
110           	smoothSolver	2.127750e-04	2.041000e-05	7	5.068550e-03	4.103360e-04	7	4.126970e-03	3.182140e-04	7	false	GAMG	2.262420e-03	8.954450e-06	4	true
111           	smoothSolver	2.090950e-04	2.029600e-05	7	4.989720e-03	4.044950e-04	7	4.057990e-03	3.116240e-04	7	false	GAMG	2.207380e-03	9.056640e-06	4	true
112           	smoothSolver	2.051280e-04	2.025820e-05	7	4.865850e-03	3.974330e-04	7	3.969180e-03	3.057120e-04	7	false	GAMG	2.151840e-03	8.824410e-06	4	true
113           	smoothSolver	2.029540e-04	2.027350e-05	7	4.742270e-03	3.892350e-04	7	3.896550e-03	3.008530e-04	7	false	GAMG	2.088040e-03	8.513980e-06	4	true
114           	smoothSolver	2.010160e-04	1.530070e-05	8	4.634390e-03	3.809650e-04	7	3.823590e-03	2.967310e-04	7	false	GAMG	2.027770e-03	8.255240e-06	4	true
115           	smoothSolver	1.981430e-04	1.506820e-05	8	4.545450e-03	3.728910e-04	7	3.748300e-03	2.926090e-04	7	false	GAMG	1.967650e-03	8.218980e-06	4	true
116           	smoothSolver	1.938610e-04	1.470190e-05	8	4.445640e-03	3.631020e-04	7	3.660960e-03	2.882670e-04	7	false	GAMG	1.918750e-03	8.012510e-06	4	true
117           	smoothSolver	1.896530e-04	1.895410e-05	7	4.336430e-03	3.506660e-04	7	3.564860e-03	2.812830e-04	7	false	GAMG	1.870510e-03	7.766930e-06	4	true
118           	smoothSolver	1.846850e-04	1.833140e-05	7	4.200390e-03	3.374880e-04	7	3.456570e-03	2.711330e-04	7	false	GAMG	1.827350e-03	7.381890e-06	4	true
119           	smoothSolver	1.794400e-04	1.747320e-05	7	4.061640e-03	3.221660e-04	7	3.347720e-03	2.596860e-04	7	false	GAMG	1.788880e-03	7.110820e-06	4	true
120           	smoothSolver	1.737320e-04	1.665870e-05	7	3.908710e-03	3.062740e-04	7	3.241310e-03	2.465280e-04	7	false	GAMG	1.753800e-03	6.776700e-06	4	true
121           	smoothSolver	1.686110e-04	1.592960e-05	7	3.780780e-03	2.900980e-04	7	3.144830e-03	2.338660e-04	7	false	GAMG	1.721840e-03	6.520050e-06	4	true
122           	smoothSolver	1.631120e-04	1.541000e-05	7	3.653530e-03	2.758290e-04	7	3.047250e-03	2.980890e-04	6	false	GAMG	1.691750e-03	6.196120e-06	4	true
123           	smoothSolver	1.592790e-04	1.489720e-05	7	3.567940e-03	2.627530e-04	7	2.981460e-03	2.870040e-04	6	false	GAMG	1.657520e-03	1.644400e-05	3	true
124           	smoothSolver	1.536800e-04	1.439880e-05	7	3.446540e-03	3.394830e-04	6	2.886050e-03	2.743190e-04	6	false	GAMG	1.625640e-03	6.563840e-06	4	true
125           	smoothSolver	1.512620e-04	1.399540e-05	7	3.424500e-03	3.366800e-04	6	2.846590e-03	2.717420e-04	6	false	GAMG	1.591470e-03	1.580480e-05	3	true
126           	smoothSolver	1.459750e-04	1.349200e-05	7	3.309820e-03	3.224870e-04	6	2.745020e-03	2.605120e-04	6	false	GAMG	1.558820e-03	6.615280e-06	4	true
127           	smoothSolver	1.436650e-04	1.311230e-05	7	3.275500e-03	3.241360e-04	6	2.702460e-03	2.602130e-04	6	false	GAMG	1.519120e-03	5.839780e-06	4	true
128           	smoothSolver	1.385860e-04	1.266550e-05	7	3.164500e-03	3.161720e-04	6	2.615580e-03	2.538930e-04	6	false	GAMG	1.487850e-03	5.666610e-06	4	true
129           	smoothSolver	1.350340e-04	1.230540e-05	7	3.082830e-03	2.298390e-04	7	2.551200e-03	2.496010e-04	6	false	GAMG	1.454720e-03	5.544700e-06	4	true
130           	smoothSolver	1.309390e-04	1.211590e-05	7	2.992740e-03	2.263290e-04	7	2.486770e-03	2.458410e-04	6	false	GAMG	1.428160e-03	5.444150e-06	4	true
131           	smoothSolver	1.282500e-04	1.198360e-05	7	2.937420e-03	2.228450e-04	7	2.437730e-03	2.426430e-04	6	false	GAMG	1.399200e-03	5.355380e-06	4	true
132           	smoothSolver	1.255880e-04	1.194810e-05	7	2.871340e-03	2.184190e-04	7	2.385610e-03	2.381940e-04	6	false	GAMG	1.374040e-03	5.340320e-06	4	true
133           	smoothSolver	1.246910e-04	1.192280e-05	7	2.832300e-03	2.145440e-04	7	2.346490e-03	1.745510e-04	7	false	GAMG	1.347520e-03	5.360130e-06	4	true
134           	smoothSolver	1.234410e-04	1.188390e-05	7	2.778750e-03	2.091570e-04	7	2.301540e-03	1.712980e-04	7	false	GAMG	1.330280e-03	5.209490e-06	4	true
135           	smoothSolver	1.231280e-04	1.180430e-05	7	2.750370e-03	2.045730e-04	7	2.272110e-03	2.263710e-04	6	false	GAMG	1.319990e-03	1.310220e-05	3	true
136           	smoothSolver	1.214070e-04	1.160820e-05	7	2.698170e-03	2.683840e-04	6	2.233130e-03	2.213740e-04	6	false	GAMG	1.315530e-03	5.374080e-06	4	true
137           	smoothSolver	1.212860e-04	1.141330e-05	7	2.713950e-03	2.690620e-04	6	2.242640e-03	2.210760e-04	6	false	GAMG	1.313610e-03	1.305510e-05	3	true
138           	smoothSolver	1.191580e-04	1.105680e-05	7	2.696190e-03	2.640230e-04	6	2.215960e-03	2.155330e-04	6	false	GAMG	1.310580e-03	5.172910e-06	4	true
139           	smoothSolver	1.187790e-04	1.079080e-05	7	2.712630e-03	2.669390e-04	6	2.229670e-03	2.147570e-04	6	false	GAMG	1.306900e-03	1.297940e-05	3	true
140           	smoothSolver	1.163510e-04	1.040580e-05	7	2.685460e-03	2.628920e-04	6	2.207730e-03	2.100960e-04	6	false	GAMG	1.310880e-03	5.145280e-06	4	true
141           	smoothSolver	1.157730e-04	1.014260e-05	7	2.729060e-03	2.665390e-04	6	2.229280e-03	2.103360e-04	6	false	GAMG	1.305090e-03	4.894990e-06	4	true
142           	smoothSolver	1.135890e-04	9.823160e-06	7	2.710020e-03	2.650200e-04	6	2.215110e-03	2.071140e-04	6	false	GAMG	1.302170e-03	4.988580e-06	4	true
143           	smoothSolver	1.122260e-04	9.643120e-06	7	2.706000e-03	2.642540e-04	6	2.205640e-03	2.051870e-04	6	false	GAMG	1.299360e-03	5.138470e-06	4	true
144           	smoothSolver	1.107020e-04	9.557790e-06	7	2.695160e-03	2.654210e-04	6	2.195060e-03	2.043720e-04	6	false	GAMG	1.299220e-03	5.327950e-06	4	true
145           	smoothSolver	1.105040e-04	9.560670e-06	7	2.691500e-03	2.676740e-04	6	2.201280e-03	2.052300e-04	6	false	GAMG	1.293240e-03	5.390060e-06	4	true
146           	smoothSolver	1.099150e-04	9.593990e-06	7	2.692260e-03	1.996240e-04	7	2.192260e-03	2.057090e-04	6	false	GAMG	1.291140e-03	5.516310e-06	4	true
147           	smoothSolver	1.103780e-04	9.591340e-06	7	2.687740e-03	1.997690e-04	7	2.201930e-03	2.075990e-04	6	false	GAMG	1.286420e-03	5.508060e-06	4	true
148           	smoothSolver	1.099470e-04	9.511240e-06	7	2.681130e-03	2.003960e-04	7	2.199160e-03	2.079130e-04	6	false	GAMG	1.286330e-03	5.391800e-06	4	true
149           	smoothSolver	1.102970e-04	9.410830e-06	7	2.681350e-03	2.014900e-04	7	2.193400e-03	2.086040e-04	6	false	GAMG	1.287820e-03	5.280660e-06	4	true
150           	smoothSolver	1.098720e-04	9.323570e-06	7	2.674600e-03	2.015660e-04	7	2.179850e-03	2.083000e-04	6	false	GAMG	1.293160e-03	5.163410e-06	4	true
151           	smoothSolver	1.098910e-04	9.229730e-06	7	2.674840e-03	2.003990e-04	7	2.177830e-03	2.080440e-04	6	false	GAMG	1.290920e-03	5.109650e-06	4	true
152           	smoothSolver	1.085940e-04	9.185880e-06	7	2.659620e-03	1.967140e-04	7	2.164210e-03	2.074280e-04	6	false	GAMG	1.294930e-03	5.003200e-06	4	true
153           	smoothSolver	1.082600e-04	9.154450e-06	7	2.638070e-03	2.620500e-04	6	2.155420e-03	2.058180e-04	6	false	GAMG	1.295860e-03	4.958390e-06	4	true
154           	smoothSolver	1.069440e-04	9.138370e-06	7	2.629360e-03	2.587140e-04	6	2.140890e-03	2.045890e-04	6	false	GAMG	1.300160e-03	4.937150e-06	4	true
155           	smoothSolver	1.071560e-04	9.116330e-06	7	2.629160e-03	2.556870e-04	6	2.142850e-03	2.038870e-04	6	false	GAMG	1.300600e-03	5.016830e-06	4	true
156           	smoothSolver	1.063850e-04	9.134680e-06	7	2.608620e-03	2.546110e-04	6	2.141380e-03	2.040760e-04	6	false	GAMG	1.301350e-03	4.959060e-06	4	true
157           	smoothSolver	1.065210e-04	9.185340e-06	7	2.592930e-03	2.524280e-04	6	2.141220e-03	2.035700e-04	6	false	GAMG	1.299100e-03	4.960460e-06	4	true
158           	smoothSolver	1.059380e-04	9.284940e-06	7	2.576680e-03	2.533600e-04	6	2.129370e-03	2.040310e-04	6	false	GAMG	1.295870e-03	1.289770e-05	3	true
159           	smoothSolver	1.061160e-04	9.324140e-06	7	2.546360e-03	2.502130e-04	6	2.106590e-03	2.006940e-04	6	false	GAMG	1.292290e-03	5.324580e-06	4	true
160           	smoothSolver	1.064880e-04	9.466610e-06	7	2.557670e-03	2.553620e-04	6	2.110990e-03	2.032570e-04	6	false	GAMG	1.286060e-03	1.264180e-05	3	true
161           	smoothSolver	1.064450e-04	9.430070e-06	7	2.533840e-03	2.518930e-04	6	2.085660e-03	1.992090e-04	6	false	GAMG	1.286350e-03	5.180010e-06	4	true
162           	smoothSolver	1.071130e-04	9.495260e-06	7	2.564810e-03	1.906170e-04	7	2.095490e-03	2.011120e-04	6	false	GAMG	1.284780e-03	1.268800e-05	3	true
163           	smoothSolver	1.067840e-04	9.365290e-06	7	2.545110e-03	2.536070e-04	6	2.083880e-03	1.972200e-04	6	false	GAMG	1.286130e-03	5.099930e-06	4	true
164           	smoothSolver	1.063560e-04	9.288290e-06	7	2.579840e-03	1.895900e-04	7	2.089800e-03	1.980880e-04	6	false	GAMG	1.291880e-03	4.677300e-06	4	true
165           	smoothSolver	1.060100e-04	9.118790e-06	7	2.574700e-03	2.535640e-04	6	2.089220e-03	1.939100e-04	6	false	GAMG	1.291850e-03	4.694530e-06	4	true
166           	smoothSolver	1.039670e-04	8.867730e-06	7	2.553920e-03	2.497150e-04	6	2.064470e-03	1.894790e-04	6	false	GAMG	1.288460e-03	4.720830e-06	4	true
167           	smoothSolver	1.025870e-04	8.637420e-06	7	2.542400e-03	2.443430e-04	6	2.043790e-03	1.841020e-04	6	false	GAMG	1.284960e-03	4.798840e-06	4	true
168           	smoothSolver	1.013290e-04	8.476640e-06	7	2.531620e-03	2.410870e-04	6	2.019930e-03	1.798160e-04	6	false	GAMG	1.283620e-03	4.866430e-06	4	true
169           	smoothSolver	1.009330e-04	8.287750e-06	7	2.520590e-03	2.376690e-04	6	2.004810e-03	1.753630e-04	6	false	GAMG	1.276090e-03	1.270870e-05	3	true
170           	smoothSolver	9.887590e-05	8.097950e-06	7	2.476950e-03	2.312700e-04	6	1.967850e-03	1.700300e-04	6	false	GAMG	1.278540e-03	5.554100e-06	4	true
171           	smoothSolver	9.984420e-05	8.095400e-06	7	2.503940e-03	2.366580e-04	6	1.978030e-03	1.713590e-04	6	false	GAMG	1.275360e-03	1.232250e-05	3	true
172           	smoothSolver	9.832150e-05	7.945370e-06	7	2.467310e-03	2.318740e-04	6	1.940720e-03	1.673090e-04	6	false	GAMG	1.278720e-03	5.429370e-06	4	true
173           	smoothSolver	9.972720e-05	8.013540e-06	7	2.517630e-03	2.406790e-04	6	1.963640e-03	1.709490e-04	6	false	GAMG	1.283880e-03	1.228710e-05	3	true
174           	smoothSolver	9.930940e-05	8.001370e-06	7	2.500020e-03	2.388970e-04	6	1.956350e-03	1.707080e-04	6	false	GAMG	1.288110e-03	5.210030e-06	4	true
175           	smoothSolver	1.007310e-04	8.134650e-06	7	2.549840e-03	2.482900e-04	6	1.993370e-03	1.770320e-04	6	false	GAMG	1.288810e-03	1.236880e-05	3	true
176           	smoothSolver	9.969090e-05	8.120310e-06	7	2.535450e-03	2.467130e-04	6	1.988000e-03	1.782120e-04	6	false	GAMG	1.297510e-03	5.103380e-06	4	true
177           	smoothSolver	1.016560e-04	8.254180e-06	7	2.594860e-03	2.548520e-04	6	2.039220e-03	1.846030e-04	6	false	GAMG	1.295590e-03	1.251000e-05	3	true
178           	smoothSolver	1.008160e-04	8.185660e-06	7	2.577530e-03	2.513080e-04	6	2.030160e-03	1.849340e-04	6	false	GAMG	1.297550e-03	5.166450e-06	4	true
179           	smoothSolver	1.016330e-04	8.240440e-06	7	2.619770e-03	2.580570e-04	6	2.062150e-03	1.898830e-04	6	false	GAMG	1.296700e-03	1.258940e-05	3	true
180           	smoothSolver	1.004720e-04	8.143570e-06	7	2.590990e-03	2.532380e-04	6	2.050540e-03	1.894090e-04	6	false	GAMG	1.295350e-03	5.247460e-06	4	true
181           	smoothSolver	1.014430e-04	8.239230e-06	7	2.620250e-03	2.597230e-04	6	2.074790e-03	1.939150e-04	6	false	GAMG	1.294100e-03	1.257630e-05	3	true
182           	smoothSolver	1.004330e-04	8.256310e-06	7	2.589500e-03	2.547180e-04	6	2.058930e-03	1.930010e-04	6	false	GAMG	1.296420e-03	5.247310e-06	4	true
183           	smoothSolver	1.018170e-04	8.455470e-06	7	2.627820e-03	2.619820e-04	6	2.084780e-03	1.979970e-04	6	false	GAMG	1.295640e-03	1.267920e-05	3	true
184           	smoothSolver	1.017430e-04	8.594590e-06	7	2.602400e-03	2.590940e-04	6	2.076310e-03	1.977140e-04	6	false	GAMG	1.297930e-03	5.257350e-06	4	true
185           	smoothSolver	1.041940e-04	8.965740e-06	7	2.661830e-03	2.006690e-04	7	2.111030e-03	2.046920e-04	6	false	GAMG	1.303460e-03	4.912400e-06	4	true
186           	smoothSolver	1.058450e-04	9.346200e-06	7	2.690760e-03	2.048030e-04	7	2.132890e-03	2.104920e-04	6	false	GAMG	1.310940e-03	5.005060e-06	4	true
187           	smoothSolver	1.086650e-04	9.728370e-06	7	2.741310e-03	2.105330e-04	7	2.154920e-03	2.149410e-04	6	false	GAMG	1.312230e-03	5.152980e-06	4	true
188           	smoothSolver	1.110930e-04	1.016390e-05	7	2.794180e-03	2.183050e-04	7	2.178980e-03	1.647440e-04	7	false	GAMG	1.325850e-03	5.327440e-06	4	true
189           	smoothSolver	1.153810e-04	1.065850e-05	7	2.887690e-03	2.285560e-04	7	2.211390e-03	1.681940e-04	7	false	GAMG	1.336920e-03	5.467940e-06	4	true
190           	smoothSolver	1.187790e-04	1.108680e-05	7	2.979420e-03	2.389830e-04	7	2.249020e-03	1.730350e-04	7	false	GAMG	1.354680e-03	5.593900e-06	4	true
191           	smoothSolver	1.232540e-04	1.150360e-05	7	3.087300e-03	2.493160e-04	7	2.308970e-03	1.779920e-04	7	false	GAMG	1.375240e-03	5.781990e-06	4	true
192           	smoothSolver	1.271360e-04	1.193950e-05	7	3.200730e-03	2.595010e-04	7	2.368100e-03	1.837020e-04	7	false	GAMG	1.409900e-03	5.955880e-06	4	true
193           	smoothSolver	1.314420e-04	1.227480e-05	7	3.329790e-03	2.682570e-04	7	2.448900e-03	1.889960e-04	7	false	GAMG	1.438490e-03	6.018540e-06	4	true
194           	smoothSolver	1.348160e-04	1.264210e-05	7	3.435170e-03	2.768360e-04	7	2.536140e-03	1.968280e-04	7	false	GAMG	1.468910e-03	6.049520e-06	4	true
195           	smoothSolver	1.390920e-04	1.293660e-05	7	3.551450e-03	2.846520e-04	7	2.611230e-03	2.008570e-04	7	false	GAMG	1.501010e-03	6.129560e-06	4	true
196           	smoothSolver	1.424400e-04	1.322800e-05	7	3.649130e-03	2.913680e-04	7	2.695540e-03	2.077930e-04	7	false	GAMG	1.537420e-03	6.353060e-06	4	true
197           	smoothSolver	1.466700e-04	1.355260e-05	7	3.756090e-03	2.970520e-04	7	2.786150e-03	2.134050e-04	7	false	GAMG	1.576040e-03	6.596020e-06	4	true
198           	smoothSolver	1.500300e-04	1.390420e-05	7	3.845670e-03	3.022410e-04	7	2.870390e-03	2.199760e-04	7	false	GAMG	1.622040e-03	6.779740e-06	4	true
199           	smoothSolver	1.536380e-04	1.407720e-05	7	3.916890e-03	3.022890e-04	7	2.943140e-03	2.227500e-04	7	false	GAMG	1.654470e-03	6.922830e-06	4	true
200           	smoothSolver	1.561440e-04	1.430060e-05	7	3.957970e-03	3.008070e-04	7	2.998170e-03	2.243300e-04	7	false	GAMG	1.696010e-03	7.099400e-06	4	true
201           	smoothSolver	1.594730e-04	1.452990e-05	7	4.004780e-03	2.969040e-04	7	3.056650e-03	2.246800e-04	7	false	GAMG	1.725510e-03	7.071600e-06	4	true
202           	smoothSolver	1.610130e-04	1.485360e-05	7	4.035930e-03	3.991660e-04	6	3.114930e-03	3.097870e-04	6	false	GAMG	1.748620e-03	6.960980e-06	4	true
203           	smoothSolver	1.633750e-04	1.513450e-05	7	4.080140e-03	3.959930e-04	6	3.162960e-03	3.108580e-04	6	false	GAMG	1.767590e-03	7.033320e-06	4	true
204           	smoothSolver	1.651660e-04	1.539870e-05	7	4.117440e-03	3.980420e-04	6	3.202260e-03	3.129850e-04	6	false	GAMG	1.791130e-03	7.249070e-06	4	true
205           	smoothSolver	1.677910e-04	1.558560e-05	7	4.158900e-03	4.019530e-04	6	3.248850e-03	3.142560e-04	6	false	GAMG	1.814570e-03	7.603760e-06	4	true
206           	smoothSolver	1.699360e-04	1.578820e-05	7	4.192930e-03	4.055730e-04	6	3.315620e-03	3.218150e-04	6	false	GAMG	1.840210e-03	8.005000e-06	4	true
207           	smoothSolver	1.725660e-04	1.592730e-05	7	4.259210e-03	4.095110e-04	6	3.373350e-03	3.259840e-04	6	false	GAMG	1.850840e-03	8.409240e-06	4	true
208           	smoothSolver	1.740260e-04	1.601470e-05	7	4.285930e-03	4.095460e-04	6	3.411290e-03	3.310150e-04	6	false	GAMG	1.869220e-03	8.279450e-06	4	true
209           	smoothSolver	1.754210e-04	1.591570e-05	7	4.314120e-03	4.114050e-04	6	3.466450e-03	3.336890e-04	6	false	GAMG	1.879470e-03	7.908230e-06	4	true
210           	smoothSolver	1.756650e-04	1.576210e-05	7	4.318950e-03	4.146470e-04	6	3.506050e-03	3.352690e-04	6	false	GAMG	1.891140e-03	7.730130e-06	4	true
211           	smoothSolver	1.760670e-04	1.557940e-05	7	4.335600e-03	4.171350e-04	6	3.531010e-03	3.371940e-04	6	false	GAMG	1.889380e-03	8.299740e-06	4	true
212           	smoothSolver	1.745450e-04	1.547650e-05	7	4.296540e-03	4.137290e-04	6	3.520120e-03	3.368760e-04	6	false	GAMG	1.899200e-03	8.794440e-06	4	true
213           	smoothSolver	1.738850e-04	1.540540e-05	7	4.289030e-03	4.137530e-04	6	3.497890e-03	3.384390e-04	6	false	GAMG	1.907040e-03	9.244990e-06	4	true
214           	smoothSolver	1.730510e-04	1.537580e-05	7	4.278410e-03	4.173720e-04	6	3.483890e-03	3.414340e-04	6	false	GAMG	1.886130e-03	8.932130e-06	4	true
215           	smoothSolver	1.725140e-04	1.545080e-05	7	4.273710e-03	4.223580e-04	6	3.478400e-03	3.452860e-04	6	false	GAMG	1.890560e-03	8.763020e-06	4	true
216           	smoothSolver	1.713730e-04	1.549210e-05	7	4.242500e-03	3.113420e-04	7	3.460470e-03	2.557270e-04	7	false	GAMG	1.876470e-03	8.737280e-06	4	true
217           	smoothSolver	1.701180e-04	1.549090e-05	7	4.192850e-03	3.113380e-04	7	3.447770e-03	2.554720e-04	7	false	GAMG	1.864390e-03	8.664540e-06	4	true
218           	smoothSolver	1.673470e-04	1.539200e-05	7	4.115610e-03	3.079230e-04	7	3.413270e-03	2.543610e-04	7	false	GAMG	1.848210e-03	8.489720e-06	4	true
219           	smoothSolver	1.650200e-04	1.520310e-05	7	4.041970e-03	3.023770e-04	7	3.373000e-03	2.531310e-04	7	false	GAMG	1.833180e-03	8.278360e-06	4	true
220           	smoothSolver	1.617300e-04	1.496930e-05	7	3.966770e-03	2.973560e-04	7	3.327930e-03	2.520850e-04	7	false	GAMG	1.813370e-03	7.888770e-06	4	true
221           	smoothSolver	1.586890e-04	1.470340e-05	7	3.905370e-03	2.936100e-04	7	3.283880e-03	2.508330e-04	7	false	GAMG	1.793770e-03	7.497950e-06	4	true
222           	smoothSolver	1.556980e-04	1.444230e-05	7	3.828760e-03	2.896050e-04	7	3.230710e-03	2.476580e-04	7	false	GAMG	1.771060e-03	7.166210e-06	4	true
223           	smoothSolver	1.533600e-04	1.416950e-05	7	3.754560e-03	2.832630e-04	7	3.173610e-03	2.438740e-04	7	false	GAMG	1.737150e-03	6.839930e-06	4	true
224           	smoothSolver	1.496150e-04	1.393770e-05	7	3.648600e-03	2.742990e-04	7	3.095080e-03	2.378630e-04	7	false	GAMG	1.704250e-03	6.545930e-06	4	true
225           	smoothSolver	1.470240e-04	1.371840e-05	7	3.538910e-03	2.646180e-04	7	3.026250e-03	2.313980e-04	7	false	GAMG	1.669100e-03	1.662530e-05	3	true
226           	smoothSolver	1.431660e-04	1.346830e-05	7	3.395550e-03	3.392710e-04	6	2.912450e-03	2.191600e-04	7	false	GAMG	1.637730e-03	6.264060e-06	4	true
227           	smoothSolver	1.416090e-04	1.335130e-05	7	3.327310e-03	2.491350e-04	7	2.863350e-03	2.135200e-04	7	false	GAMG	1.599650e-03	1.534600e-05	3	true
228           	smoothSolver	1.378250e-04	1.305770e-05	7	3.187080e-03	3.181440e-04	6	2.752330e-03	2.711220e-04	6	false	GAMG	1.568570e-03	1.539330e-05	3	true
229           	smoothSolver	1.350300e-04	1.273730e-05	7	3.101140e-03	3.096280e-04	6	2.685800e-03	2.619650e-04	6	false	GAMG	1.532880e-03	1.492490e-05	3	true
230           	smoothSolver	1.314280e-04	1.243110e-05	7	3.020490e-03	2.996540e-04	6	2.618030e-03	2.531150e-04	6	false	GAMG	1.506840e-03	1.466000e-05	3	true
231           	smoothSolver	1.297110e-04	1.206400e-05	7	2.952840e-03	2.905790e-04	6	2.561570e-03	2.458020e-04	6	false	GAMG	1.474920e-03	1.416920e-05	3	true
232           	smoothSolver	1.266190e-04	1.173390e-05	7	2.884550e-03	2.810390e-04	6	2.493550e-03	2.386670e-04	6	false	GAMG	1.446330e-03	1.376760e-05	3	true
233           	smoothSolver	1.235850e-04	1.137610e-05	7	2.823850e-03	2.736700e-04	6	2.434360e-03	2.325370e-04	6	false	GAMG	1.423480e-03	1.314520e-05	3	true
234           	smoothSolver	1.204660e-04	1.113820e-05	7	2.774240e-03	2.666970e-04	6	2.375150e-03	2.258940e-04	6	false	GAMG	1.402880e-03	1.275410e-05	3	true
235           	smoothSolver	1.190040e-04	1.088960e-05	7	2.742610e-03	2.619180e-04	6	2.334590e-03	2.193690e-04	6	false	GAMG	1.383420e-03	1.263120e-05	3	true
236           	smoothSolver	1.162610e-04	1.068410e-05	7	2.707510e-03	2.561450e-04	6	2.285460e-03	2.122010e-04	6	false	GAMG	1.366560e-03	1.271220e-05	3	true
237           	smoothSolver	1.144790e-04	1.044050e-05	7	2.659930e-03	2.510090e-04	6	2.250080e-03	2.062110e-04	6	false	GAMG	1.350870e-03	1.274550e-05	3	true
238           	smoothSolver	1.123780e-04	1.019770e-05	7	2.615540e-03	2.478470e-04	6	2.213330e-03	2.015560e-04	6	false	GAMG	1.337930e-03	1.283850e-05	3	true
239           	smoothSolver	1.115170e-04	9.950760e-06	7	2.591760e-03	2.477450e-04	6	2.184060e-03	1.980870e-04	6	false	GAMG	1.328440e-03	1.280340e-05	3	true
240           	smoothSolver	1.100850e-04	9.788990e-06	7	2.565230e-03	2.470010e-04	6	2.162380e-03	1.961750e-04	6	false	GAMG	1.319130e-03	1.276670e-05	3	true
241           	smoothSolver	1.091260e-04	9.630240e-06	7	2.544780e-03	2.455960e-04	6	2.147600e-03	1.950580e-04	6	false	GAMG	1.310010e-03	1.267350e-05	3	true
242           	smoothSolver	1.071190e-04	9.561020e-06	7	2.512380e-03	2.421710e-04	6	2.125010e-03	1.944280e-04	6	false	GAMG	1.295720e-03	1.234480e-05	3	true
243           	smoothSolver	1.058580e-04	9.446380e-06	7	2.482580e-03	2.388810e-04	6	2.103040e-03	1.932240e-04	6	false	GAMG	1.280370e-03	1.217490e-05	3	true
244           	smoothSolver	1.040020e-04	9.316060e-06	7	2.444500e-03	2.358780e-04	6	2.077640e-03	1.918330e-04	6	false	GAMG	1.262410e-03	1.208240e-05	3	true
245           	smoothSolver	1.025620e-04	9.147810e-06	7	2.411640e-03	2.325770e-04	6	2.048500e-03	1.886220e-04	6	false	GAMG	1.245250e-03	1.199130e-05	3	true
246           	smoothSolver	1.008930e-04	8.998660e-06	7	2.376520e-03	2.296610e-04	6	2.021380e-03	1.864680e-04	6	false	GAMG	1.229100e-03	1.203200e-05	3	true
247           	smoothSolver	9.977930e-05	8.781490e-06	7	2.355290e-03	2.267480e-04	6	1.995580e-03	1.826060e-04	6	false	GAMG	1.216310e-03	1.197910e-05	3	true
248           	smoothSolver	9.825320e-05	8.555020e-06	7	2.333410e-03	2.240780e-04	6	1.977090e-03	1.815940e-04	6	false	GAMG	1.208930e-03	1.189000e-05	3	true
249           	smoothSolver	9.760680e-05	8.381350e-06	7	2.324660e-03	2.217220e-04	6	1.971530e-03	1.791070e-04	6	false	GAMG	1.198440e-03	1.177710e-05	3	true
250           	smoothSolver	9.573840e-05	8.106160e-06	7	2.302970e-03	2.185230e-04	6	1.955240e-03	1.770630e-04	6	false	GAMG	1.190470e-03	1.177010e-05	3	true
251           	smoothSolver	9.497710e-05	7.906730e-06	7	2.297230e-03	2.163210e-04	6	1.950170e-03	1.747250e-04	6	false	GAMG	1.180520e-03	1.157590e-05	3	true
252           	smoothSolver	9.303180e-05	7.677960e-06	7	2.276680e-03	2.132710e-04	6	1.934040e-03	1.729430e-04	6	false	GAMG	1.179960e-03	1.144780e-05	3	true
253           	smoothSolver	9.251530e-05	7.560880e-06	7	2.283350e-03	2.121470e-04	6	1.934440e-03	1.708670e-04	6	false	GAMG	1.178930e-03	1.132030e-05	3	true
254           	smoothSolver	9.202760e-05	7.479280e-06	7	2.292330e-03	2.110620e-04	6	1.946980e-03	1.703360e-04	6	false	GAMG	1.178320e-03	1.109030e-05	3	true
255           	smoothSolver	9.205410e-05	7.442930e-06	7	2.306090e-03	2.110450e-04	6	1.948820e-03	1.689620e-04	6	false	GAMG	1.179340e-03	1.095180e-05	3	true
256           	smoothSolver	9.204300e-05	7.453680e-06	7	2.318280e-03	2.122490e-04	6	1.957600e-03	1.687020e-04	6	false	GAMG	1.186010e-03	1.093120e-05	3	true
257           	smoothSolver	9.261580e-05	7.481490e-06	7	2.341990e-03	2.132410e-04	6	1.974590e-03	1.689530e-04	6	false	GAMG	1.185850e-03	1.088710e-05	3	true
258           	smoothSolver	9.261090e-05	7.541690e-06	7	2.352290e-03	2.148480e-04	6	1.993760e-03	1.698330e-04	6	false	GAMG	1.193400e-03	1.102480e-05	3	true
259           	smoothSolver	9.388930e-05	7.659880e-06	7	2.383290e-03	2.174420e-04	6	2.019150e-03	1.726270e-04	6	false	GAMG	1.195300e-03	1.114200e-05	3	true
260           	smoothSolver	9.404360e-05	7.742350e-06	7	2.401430e-03	2.202690e-04	6	2.040500e-03	1.749740e-04	6	false	GAMG	1.196570e-03	1.120610e-05	3	true
261           	smoothSolver	9.454200e-05	7.816480e-06	7	2.415290e-03	2.214710e-04	6	2.055720e-03	1.775230e-04	6	false	GAMG	1.196320e-03	1.134330e-05	3	true
262           	smoothSolver	9.486310e-05	7.933530e-06	7	2.419490e-03	2.225170e-04	6	2.074030e-03	1.798530e-04	6	false	GAMG	1.198290e-03	1.160670e-05	3	true
263           	smoothSolver	9.593890e-05	8.055270e-06	7	2.426150e-03	2.211750e-04	6	2.085430e-03	1.819490e-04	6	false	GAMG	1.194900e-03	4.592520e-06	4	true
264           	smoothSolver	9.627640e-05	8.188670e-06	7	2.450600e-03	2.246920e-04	6	2.105210e-03	1.850470e-04	6	false	GAMG	1.196510e-03	1.168610e-05	3	true
265           	smoothSolver	9.604960e-05	8.205190e-06	7	2.416530e-03	2.193250e-04	6	2.085970e-03	1.842490e-04	6	false	GAMG	1.195660e-03	4.776250e-06	4	true
266           	smoothSolver	9.673450e-05	8.352850e-06	7	2.436380e-03	2.230950e-04	6	2.101710e-03	1.873330e-04	6	false	GAMG	1.193870e-03	1.178740e-05	3	true
267           	smoothSolver	9.656970e-05	8.342130e-06	7	2.420190e-03	2.221260e-04	6	2.083480e-03	1.869980e-04	6	false	GAMG	1.186850e-03	4.767380e-06	4	true
268           	smoothSolver	9.684820e-05	8.465600e-06	7	2.438440e-03	2.291100e-04	6	2.092900e-03	1.912030e-04	6	false	GAMG	1.181640e-03	1.146750e-05	3	true
269           	smoothSolver	9.670700e-05	8.445940e-06	7	2.408420e-03	2.252600e-04	6	2.070660e-03	1.888850e-04	6	false	GAMG	1.170420e-03	4.820340e-06	4	true
270           	smoothSolver	9.709150e-05	8.589430e-06	7	2.421320e-03	2.316340e-04	6	2.079980e-03	1.911260e-04	6	false	GAMG	1.163070e-03	1.118370e-05	3	true
271           	smoothSolver	9.604470e-05	8.464890e-06	7	2.372300e-03	2.250700e-04	6	2.042230e-03	1.863040e-04	6	false	GAMG	1.150710e-03	1.149740e-05	3	true
272           	smoothSolver	9.518910e-05	8.381290e-06	7	2.344180e-03	2.236890e-04	6	2.021550e-03	1.843820e-04	6	false	GAMG	1.144480e-03	1.136190e-05	3	true
273           	smoothSolver	9.480630e-05	8.296280e-06	7	2.328600e-03	2.217740e-04	6	2.007860e-03	1.836780e-04	6	false	GAMG	1.139110e-03	1.116660e-05	3	true
274           	smoothSolver	9.460050e-05	8.274570e-06	7	2.307220e-03	2.206280e-04	6	2.002310e-03	1.830100e-04	6	false	GAMG	1.134380e-03	1.118170e-05	3	true
275           	smoothSolver	9.400830e-05	8.124370e-06	7	2.294440e-03	2.182730e-04	6	1.985550e-03	1.816120e-04	6	false	GAMG	1.124880e-03	1.110060e-05	3	true
276           	smoothSolver	9.294760e-05	8.018200e-06	7	2.268240e-03	2.169830e-04	6	1.965900e-03	1.807310e-04	6	false	GAMG	1.122740e-03	4.343390e-06	4	true
277           	smoothSolver	9.341900e-05	8.036680e-06	7	2.278710e-03	2.198450e-04	6	1.971460e-03	1.831630e-04	6	false	GAMG	1.117020e-03	1.061830e-05	3	true
278           	smoothSolver	9.238450e-05	7.965500e-06	7	2.249750e-03	2.165920e-04	6	1.947220e-03	1.804750e-04	6	false	GAMG	1.116330e-03	4.281940e-06	4	true
279           	smoothSolver	9.327080e-05	8.049480e-06	7	2.268740e-03	2.203000e-04	6	1.949880e-03	1.829970e-04	6	false	GAMG	1.111810e-03	1.069450e-05	3	true
280           	smoothSolver	9.291800e-05	8.135130e-06	7	2.249520e-03	2.185830e-04	6	1.941530e-03	1.836990e-04	6	false	GAMG	1.110830e-03	4.254350e-06	4	true
281           	smoothSolver	9.380350e-05	8.268740e-06	7	2.271480e-03	2.232640e-04	6	1.949860e-03	1.875330e-04	6	false	GAMG	1.110320e-03	1.083380e-05	3	true
282           	smoothSolver	9.354390e-05	8.353680e-06	7	2.253700e-03	2.217440e-04	6	1.944690e-03	1.882780e-04	6	false	GAMG	1.107040e-03	4.166490e-06	4	true
283           	smoothSolver	9.449870e-05	8.497030e-06	7	2.266210e-03	2.253580e-04	6	1.945730e-03	1.902650e-04	6	false	GAMG	1.107150e-03	1.075620e-05	3	true
284           	smoothSolver	9.417500e-05	8.561090e-06	7	2.249080e-03	2.245280e-04	6	1.948190e-03	1.914630e-04	6	false	GAMG	1.104620e-03	4.258250e-06	4	true
285           	smoothSolver	9.464970e-05	8.641190e-06	7	2.259620e-03	1.685880e-04	7	1.938830e-03	1.924120e-04	6	false	GAMG	1.104380e-03	1.097020e-05	3	true
286           	smoothSolver	9.445500e-05	8.665370e-06	7	2.235810e-03	1.667110e-04	7	1.933820e-03	1.926550e-04	6	false	GAMG	1.109440e-03	4.534060e-06	4	true
287           	smoothSolver	9.600640e-05	8.784450e-06	7	2.254950e-03	1.680480e-04	7	1.950270e-03	1.940220e-04	6	false	GAMG	1.108460e-03	4.266640e-06	4	true
288           	smoothSolver	9.576420e-05	8.750730e-06	7	2.243600e-03	1.665990e-04	7	1.945730e-03	1.942780e-04	6	false	GAMG	1.113360e-03	4.356490e-06	4	true
289           	smoothSolver	9.634010e-05	8.749410e-06	7	2.242460e-03	1.653810e-04	7	1.949370e-03	1.924970e-04	6	false	GAMG	1.117920e-03	4.474730e-06	4	true
290           	smoothSolver	9.614530e-05	8.726440e-06	7	2.238150e-03	2.234770e-04	6	1.953530e-03	1.919280e-04	6	false	GAMG	1.120470e-03	4.501140e-06	4	true
291           	smoothSolver	9.595350e-05	8.612440e-06	7	2.246170e-03	2.236940e-04	6	1.945670e-03	1.891680e-04	6	false	GAMG	1.122920e-03	4.539890e-06	4	true
292           	smoothSolver	9.553710e-05	8.500430e-06	7	2.251610e-03	2.238560e-04	6	1.939770e-03	1.886400e-04	6	false	GAMG	1.129210e-03	4.516350e-06	4	true
293           	smoothSolver	9.629190e-05	8.519140e-06	7	2.268030e-03	2.260140e-04	6	1.948570e-03	1.889650e-04	6	false	GAMG	1.134080e-03	4.517820e-06	4	true
294           	smoothSolver	9.649180e-05	8.536610e-06	7	2.277790e-03	2.274370e-04	6	1.955620e-03	1.905090e-04	6	false	GAMG	1.139440e-03	4.518830e-06	4	true
295           	smoothSolver	9.713120e-05	8.560110e-06	7	2.290120e-03	1.698340e-04	7	1.964340e-03	1.922170e-04	6	false	GAMG	1.145330e-03	4.633860e-06	4	true
296           	smoothSolver	9.734390e-05	8.581020e-06	7	2.305040e-03	1.717570e-04	7	1.979260e-03	1.957290e-04	6	false	GAMG	1.154740e-03	4.663770e-06	4	true
297           	smoothSolver	9.854550e-05	8.676680e-06	7	2.328660e-03	1.742270e-04	7	2.002890e-03	1.986880e-04	6	false	GAMG	1.164980e-03	4.779580e-06	4	true
298           	smoothSolver	9.951620e-05	8.746300e-06	7	2.356580e-03	1.765680e-04	7	2.034420e-03	2.018490e-04	6	false	GAMG	1.177100e-03	4.872020e-06	4	true
299           	smoothSolver	1.009780e-04	8.817690e-06	7	2.386590e-03	1.788870e-04	7	2.064280e-03	2.044050e-04	6	false	GAMG	1.187280e-03	5.024340e-06	4	true
300           	smoothSolver	1.011980e-04	8.812830e-06	7	2.405650e-03	1.797820e-04	7	2.086620e-03	2.066810e-04	6	false	GAMG	1.197930e-03	5.140970e-06	4	true
301           	smoothSolver	1.025150e-04	8.859410e-06	7	2.430570e-03	1.809780e-04	7	2.115260e-03	2.086320e-04	6	false	GAMG	1.207370e-03	5.337640e-06	4	true
302           	smoothSolver	1.026110e-04	8.829950e-06	7	2.444240e-03	1.811520e-04	7	2.140100e-03	2.103570e-04	6	false	GAMG	1.214650e-03	5.409010e-06	4	true
303           	smoothSolver	1.035240e-04	8.855910e-06	7	2.466630e-03	1.822190e-04	7	2.161810e-03	2.115450e-04	6	false	GAMG	1.223030e-03	5.605190e-06	4	true
304           	smoothSolver	1.040200e-04	8.871550e-06	7	2.478060e-03	2.461690e-04	6	2.185100e-03	2.131410e-04	6	false	GAMG	1.225960e-03	5.574930e-06	4	true
305           	smoothSolver	1.041990e-04	8.796470e-06	7	2.490750e-03	2.453880e-04	6	2.201040e-03	2.115010e-04	6	false	GAMG	1.228960e-03	5.638950e-06	4	true
306           	smoothSolver	1.037990e-04	8.748960e-06	7	2.500960e-03	2.451190e-04	6	2.206270e-03	2.111010e-04	6	false	GAMG	1.233160e-03	5.580350e-06	4	true
307           	smoothSolver	1.043200e-04	8.792200e-06	7	2.518510e-03	2.461380e-04	6	2.215620e-03	2.111030e-04	6	false	GAMG	1.236450e-03	5.626530e-06	4	true
308           	smoothSolver	1.045330e-04	8.853250e-06	7	2.525690e-03	2.465160e-04	6	2.227370e-03	2.124030e-04	6	false	GAMG	1.239970e-03	5.544740e-06	4	true
309           	smoothSolver	1.055940e-04	8.945350e-06	7	2.544770e-03	2.477800e-04	6	2.242850e-03	2.130060e-04	6	false	GAMG	1.243920e-03	5.563470e-06	4	true
310           	smoothSolver	1.064460e-04	9.052780e-06	7	2.558990e-03	2.489550e-04	6	2.267340e-03	2.151980e-04	6	false	GAMG	1.247750e-03	5.460330e-06	4	true
311           	smoothSolver	1.076310e-04	9.180200e-06	7	2.577040e-03	2.495030e-04	6	2.289020e-03	2.158720e-04	6	false	GAMG	1.249830e-03	5.412380e-06	4	true
312           	smoothSolver	1.079250e-04	9.268450e-06	7	2.586990e-03	2.509850e-04	6	2.293600e-03	2.166620e-04	6	false	GAMG	1.258100e-03	5.263000e-06	4	true
313           	smoothSolver	1.089620e-04	9.393580e-06	7	2.599230e-03	2.517560e-04	6	2.310620e-03	2.171380e-04	6	false	GAMG	1.266800e-03	5.244180e-06	4	true
314           	smoothSolver	1.097080e-04	9.515130e-06	7	2.610980e-03	2.523510e-04	6	2.333540e-03	2.194110e-04	6	false	GAMG	1.274400e-03	5.098540e-06	4	true
315           	smoothSolver	1.105500e-04	9.591890e-06	7	2.620880e-03	2.520320e-04	6	2.353270e-03	2.196880e-04	6	false	GAMG	1.284050e-03	5.120530e-06	4	true
316           	smoothSolver	1.105840e-04	9.616160e-06	7	2.623320e-03	2.505910e-04	6	2.370630e-03	2.213940e-04	6	false	GAMG	1.299000e-03	5.088820e-06	4	true
317           	smoothSolver	1.114890e-04	9.689070e-06	7	2.639500e-03	2.499440e-04	6	2.404930e-03	2.230070e-04	6	false	GAMG	1.309990e-03	1.302000e-05	3	true
318           	smoothSolver	1.116430e-04	9.752170e-06	7	2.631000e-03	2.464420e-04	6	2.409380e-03	2.225700e-04	6	false	GAMG	1.322970e-03	5.428430e-06	4	true
319           	smoothSolver	1.127810e-04	9.836810e-06	7	2.670680e-03	2.514470e-04	6	2.444220e-03	2.245410e-04	6	false	GAMG	1.334650e-03	1.322510e-05	3	true
320           	smoothSolver	1.120770e-04	9.746100e-06	7	2.650390e-03	2.473330e-04	6	2.442910e-03	2.219660e-04	6	false	GAMG	1.352180e-03	5.445490e-06	4	true
321           	smoothSolver	1.133040e-04	9.851670e-06	7	2.693620e-03	2.515400e-04	6	2.476950e-03	2.241100e-04	6	false	GAMG	1.368740e-03	1.356530e-05	3	true
322           	smoothSolver	1.133440e-04	9.885520e-06	7	2.689850e-03	2.485710e-04	6	2.480530e-03	2.198250e-04	6	false	GAMG	1.385700e-03	5.388610e-06	4	true
323           	smoothSolver	1.152480e-04	9.993070e-06	7	2.732470e-03	2.515900e-04	6	2.509530e-03	2.217150e-04	6	false	GAMG	1.395980e-03	1.364230e-05	3	true
324           	smoothSolver	1.147090e-04	9.959170e-06	7	2.714020e-03	2.479890e-04	6	2.488110e-03	2.172400e-04	6	false	GAMG	1.411070e-03	5.347350e-06	4	true
325           	smoothSolver	1.163820e-04	1.002090e-05	7	2.745550e-03	2.519740e-04	6	2.520820e-03	2.202950e-04	6	false	GAMG	1.415790e-03	1.377030e-05	3	true
326           	smoothSolver	1.154920e-04	9.918740e-06	7	2.719260e-03	2.492460e-04	6	2.503920e-03	2.172590e-04	6	false	GAMG	1.424410e-03	5.341830e-06	4	true
327           	smoothSolver	1.162400e-04	9.886280e-06	7	2.748030e-03	2.541770e-04	6	2.520060e-03	2.202640e-04	6	false	GAMG	1.428590e-03	1.418330e-05	3	true
328           	smoothSolver	1.148580e-04	9.707380e-06	7	2.717580e-03	2.512320e-04	6	2.495830e-03	2.173850e-04	6	false	GAMG	1.434640e-03	5.541120e-06	4	true
329           	smoothSolver	1.155050e-04	9.682500e-06	7	2.745070e-03	2.559110e-04	6	2.512410e-03	2.212250e-04	6	false	GAMG	1.432020e-03	5.346620e-06	4	true
330           	smoothSolver	1.140020e-04	9.534350e-06	7	2.724550e-03	2.539370e-04	6	2.507210e-03	2.206310e-04	6	false	GAMG	1.428860e-03	5.524080e-06	4	true
331           	smoothSolver	1.132360e-04	9.397810e-06	7	2.710530e-03	2.527030e-04	6	2.496480e-03	2.216490e-04	6	false	GAMG	1.419440e-03	5.659940e-06	4	true
332           	smoothSolver	1.118820e-04	9.279580e-06	7	2.687390e-03	2.511770e-04	6	2.485080e-03	2.210540e-04	6	false	GAMG	1.406800e-03	5.700130e-06	4	true
333           	smoothSolver	1.104180e-04	9.067530e-06	7	2.668680e-03	2.486310e-04	6	2.458020e-03	2.193570e-04	6	false	GAMG	1.392240e-03	5.678440e-06	4	true
334           	smoothSolver	1.090260e-04	8.941010e-06	7	2.640260e-03	2.459550e-04	6	2.438980e-03	2.179020e-04	6	false	GAMG	1.370680e-03	5.655330e-06	4	true
335           	smoothSolver	1.078790e-04	8.804960e-06	7	2.610680e-03	2.429430e-04	6	2.403300e-03	2.152510e-04	6	false	GAMG	1.350280e-03	5.559870e-06	4	true
336           	smoothSolver	1.065440e-04	8.756540e-06	7	2.572010e-03	2.396950e-04	6	2.371720e-03	2.144260e-04	6	false	GAMG	1.327120e-03	5.464940e-06	4	true
337           	smoothSolver	1.055320e-04	8.686340e-06	7	2.533930e-03	2.358070e-04	6	2.337550e-03	2.117400e-04	6	false	GAMG	1.313640e-03	5.411090e-06	4	true
338           	smoothSolver	1.046860e-04	8.730000e-06	7	2.506460e-03	2.336700e-04	6	2.315170e-03	2.100340e-04	6	false	GAMG	1.295200e-03	5.329890e-06	4	true
339           	smoothSolver	1.039100e-04	8.716690e-06	7	2.476290e-03	2.304300e-04	6	2.281060e-03	2.063860e-04	6	false	GAMG	1.286190e-03	5.273930e-06	4	true
340           	smoothSolver	1.032690e-04	8.729910e-06	7	2.448610e-03	2.286430e-04	6	2.260330e-03	2.038760e-04	6	false	GAMG	1.284450e-03	5.179530e-06	4	true
341           	smoothSolver	1.031600e-04	8.681300e-06	7	2.429790e-03	2.265120e-04	6	2.245210e-03	2.021850e-04	6	false	GAMG	1.283640e-03	5.106290e-06	4	true
342           	smoothSolver	1.022980e-04	8.707700e-06	7	2.411470e-03	2.259310e-04	6	2.228640e-03	2.010870e-04	6	false	GAMG	1.283650e-03	5.044230e-06	4	true
343           	smoothSolver	1.025090e-04	8.738410e-06	7	2.403870e-03	2.258610e-04	6	2.216610e-03	2.010570e-04	6	false	GAMG	1.277930e-03	4.963490e-06	4	true
344           	smoothSolver	1.019660e-04	8.799510e-06	7	2.381900e-03	2.273200e-04	6	2.207270e-03	2.032660e-04	6	false	GAMG	1.271110e-03	4.935980e-06	4	true
345           	smoothSolver	1.017430e-04	8.841690e-06	7	2.374890e-03	2.283050e-04	6	2.200210e-03	2.051430e-04	6	false	GAMG	1.270330e-03	4.948510e-06	4	true
346           	smoothSolver	1.018640e-04	8.914510e-06	7	2.371500e-03	2.289630e-04	6	2.204000e-03	2.071420e-04	6	false	GAMG	1.269110e-03	5.012950e-06	4	true
347           	smoothSolver	1.021890e-04	8.907810e-06	7	2.372150e-03	2.286080e-04	6	2.199560e-03	2.076450e-04	6	false	GAMG	1.264700e-03	5.051250e-06	4	true
348           	smoothSolver	1.014710e-04	8.807680e-06	7	2.356910e-03	2.267240e-04	6	2.182240e-03	2.062210e-04	6	false	GAMG	1.266410e-03	5.173770e-06	4	true
349           	smoothSolver	1.015800e-04	8.720390e-06	7	2.346850e-03	2.242610e-04	6	2.173300e-03	2.051130e-04	6	false	GAMG	1.267820e-03	5.199140e-06	4	true
350           	smoothSolver	1.014370e-04	8.660360e-06	7	2.338070e-03	2.231290e-04	6	2.168180e-03	2.035740e-04	6	false	GAMG	1.268030e-03	5.237360e-06	4	true
351           	smoothSolver	1.007480e-04	8.476400e-06	7	2.325020e-03	2.193910e-04	6	2.150750e-03	2.009780e-04	6	false	GAMG	1.267200e-03	5.151760e-06	4	true
352           	smoothSolver	1.005050e-04	8.381120e-06	7	2.310550e-03	2.163220e-04	6	2.144770e-03	1.987020e-04	6	false	GAMG	1.266830e-03	5.088650e-06	4	true
353           	smoothSolver	1.002620e-04	8.288680e-06	7	2.297950e-03	2.126070e-04	6	2.130740e-03	1.952030e-04	6	false	GAMG	1.261590e-03	4.876550e-06	4	true
354           	smoothSolver	9.931350e-05	8.216480e-06	7	2.277660e-03	2.092610e-04	6	2.110720e-03	1.910570e-04	6	false	GAMG	1.259300e-03	4.726440e-06	4	true
355           	smoothSolver	9.895920e-05	8.185030e-06	7	2.262510e-03	2.049600e-04	6	2.087470e-03	1.871220e-04	6	false	GAMG	1.252870e-03	1.247710e-05	3	true
356           	smoothSolver	9.769220e-05	8.138640e-06	7	2.227780e-03	2.008470e-04	6	2.050720e-03	1.821820e-04	6	false	GAMG	1.243150e-03	4.707720e-06	4	true
357           	smoothSolver	9.717590e-05	8.099130e-06	7	2.233880e-03	2.018700e-04	6	2.037980e-03	1.813260e-04	6	false	GAMG	1.230880e-03	1.198110e-05	3	true
358           	smoothSolver	9.534960e-05	7.972850e-06	7	2.198360e-03	1.969470e-04	6	2.004820e-03	1.756010e-04	6	false	GAMG	1.217890e-03	4.510320e-06	4	true
359           	smoothSolver	9.495550e-05	7.936400e-06	7	2.203960e-03	1.980430e-04	6	1.999160e-03	1.751720e-04	6	false	GAMG	1.199310e-03	1.168270e-05	3	true
360           	smoothSolver	9.272420e-05	7.787360e-06	7	2.158650e-03	1.935110e-04	6	1.946550e-03	1.690800e-04	6	false	GAMG	1.185670e-03	4.453420e-06	4	true
361           	smoothSolver	9.233560e-05	7.733320e-06	7	2.154220e-03	1.940800e-04	6	1.941690e-03	1.691960e-04	6	false	GAMG	1.167510e-03	1.149830e-05	3	true
362           	smoothSolver	9.057220e-05	7.582060e-06	7	2.113020e-03	1.894910e-04	6	1.904560e-03	1.646590e-04	6	false	GAMG	1.152860e-03	4.534970e-06	4	true
363           	smoothSolver	9.033530e-05	7.594490e-06	7	2.117340e-03	1.906890e-04	6	1.897640e-03	1.653560e-04	6	false	GAMG	1.140670e-03	4.257960e-06	4	true
364           	smoothSolver	8.921030e-05	7.555850e-06	7	2.083530e-03	1.883310e-04	6	1.878660e-03	1.650800e-04	6	false	GAMG	1.130720e-03	4.283030e-06	4	true
365           	smoothSolver	8.889720e-05	7.583630e-06	7	2.067040e-03	1.871750e-04	6	1.868470e-03	1.644760e-04	6	false	GAMG	1.119160e-03	4.254950e-06	4	true
366           	smoothSolver	8.842440e-05	7.674850e-06	7	2.049210e-03	1.877170e-04	6	1.855490e-03	1.651550e-04	6	false	GAMG	1.107860e-03	4.268650e-06	4	true
367           	smoothSolver	8.880030e-05	7.763030e-06	7	2.045360e-03	1.898220e-04	6	1.850180e-03	1.666880e-04	6	false	GAMG	1.094790e-03	4.188050e-06	4	true
368           	smoothSolver	8.917060e-05	7.847320e-06	7	2.043610e-03	1.937720e-04	6	1.850850e-03	1.688340e-04	6	false	GAMG	1.084120e-03	4.228360e-06	4	true
369           	smoothSolver	8.975580e-05	7.969480e-06	7	2.048980e-03	1.978560e-04	6	1.840990e-03	1.695040e-04	6	false	GAMG	1.075950e-03	4.192890e-06	4	true
370           	smoothSolver	9.056720e-05	8.078530e-06	7	2.057900e-03	2.011370e-04	6	1.844200e-03	1.721550e-04	6	false	GAMG	1.071060e-03	4.176830e-06	4	true
371           	smoothSolver	9.090080e-05	8.156820e-06	7	2.066140e-03	2.037720e-04	6	1.831180e-03	1.716680e-04	6	false	GAMG	1.066000e-03	4.079150e-06	4	true
372           	smoothSolver	9.095630e-05	8.220350e-06	7	2.064360e-03	2.056740e-04	6	1.819590e-03	1.726660e-04	6	false	GAMG	1.067510e-03	4.091060e-06	4	true
373           	smoothSolver	9.168780e-05	8.361710e-06	7	2.073940e-03	1.525030e-04	7	1.823680e-03	1.734720e-04	6	false	GAMG	1.073500e-03	4.057890e-06	4	true
374           	smoothSolver	9.278010e-05	8.512670e-06	7	2.098000e-03	1.540490e-04	7	1.845920e-03	1.762410e-04	6	false	GAMG	1.081330e-03	4.031070e-06	4	true
375           	smoothSolver	9.362190e-05	8.672390e-06	7	2.112170e-03	1.559250e-04	7	1.848690e-03	1.783140e-04	6	false	GAMG	1.084980e-03	3.995240e-06	4	true
376           	smoothSolver	9.423720e-05	8.802800e-06	7	2.120750e-03	1.580780e-04	7	1.863410e-03	1.812120e-04	6	false	GAMG	1.091190e-03	4.104420e-06	4	true
377           	smoothSolver	9.507050e-05	8.921070e-06	7	2.138170e-03	1.613210e-04	7	1.881660e-03	1.839920e-04	6	false	GAMG	1.093470e-03	4.159680e-06	4	true
378           	smoothSolver	9.564270e-05	9.031710e-06	7	2.163970e-03	1.656380e-04	7	1.902970e-03	1.882230e-04	6	false	GAMG	1.098190e-03	4.340450e-06	4	true
379           	smoothSolver	9.667200e-05	9.116410e-06	7	2.189540e-03	1.695140e-04	7	1.926260e-03	1.914290e-04	6	false	GAMG	1.099140e-03	4.430240e-06	4	true
380           	smoothSolver	9.739840e-05	9.144050e-06	7	2.204560e-03	1.722190e-04	7	1.948530e-03	1.438160e-04	7	false	GAMG	1.103730e-03	4.619960e-06	4	true
381           	smoothSolver	9.812210e-05	9.159680e-06	7	2.217710e-03	1.741670e-04	7	1.955630e-03	1.443700e-04	7	false	GAMG	1.109530e-03	4.652270e-06	4	true
382           	smoothSolver	9.872030e-05	9.129230e-06	7	2.229110e-03	1.742050e-04	7	1.964580e-03	1.456560e-04	7	false	GAMG	1.120260e-03	4.742420e-06	4	true
383           	smoothSolver	9.997850e-05	9.124180e-06	7	2.249430e-03	1.742770e-04	7	1.983340e-03	1.979900e-04	6	false	GAMG	1.128900e-03	4.717090e-06	4	true
384           	smoothSolver	1.004840e-04	9.087070e-06	7	2.271240e-03	1.747770e-04	7	1.990790e-03	1.482800e-04	7	false	GAMG	1.143810e-03	4.871390e-06	4	true
385           	smoothSolver	1.020650e-04	9.207770e-06	7	2.311120e-03	1.778080e-04	7	2.019750e-03	1.493340e-04	7	false	GAMG	1.160330e-03	4.919020e-06	4	true
386           	smoothSolver	1.041300e-04	9.415890e-06	7	2.370470e-03	1.823290e-04	7	2.052380e-03	1.527610e-04	7	false	GAMG	1.167980e-03	4.916760e-06	4	true
387           	smoothSolver	1.053550e-04	9.540850e-06	7	2.404980e-03	1.845320e-04	7	2.071460e-03	1.543430e-04	7	false	GAMG	1.171430e-03	5.051070e-06	4	true
388           	smoothSolver	1.059780e-04	9.586770e-06	7	2.418420e-03	1.847820e-04	7	2.091420e-03	1.568880e-04	7	false	GAMG	1.177560e-03	5.166170e-06	4	true
389           	smoothSolver	1.072270e-04	9.725590e-06	7	2.434230e-03	1.860180e-04	7	2.103510e-03	1.572500e-04	7	false	GAMG	1.167210e-03	5.065600e-06	4	true
390           	smoothSolver	1.071200e-04	9.815460e-06	7	2.417330e-03	1.852580e-04	7	2.096560e-03	1.582840e-04	7	false	GAMG	1.153950e-03	5.015670e-06	4	true
391           	smoothSolver	1.071190e-04	9.911770e-06	7	2.382510e-03	1.826290e-04	7	2.083710e-03	1.575750e-04	7	false	GAMG	1.133120e-03	4.851930e-06	4	true
392           	smoothSolver	1.063400e-04	9.991610e-06	7	2.335300e-03	1.797350e-04	7	2.062000e-03	1.573080e-04	7	false	GAMG	1.110790e-03	4.687500e-06	4	true
393           	smoothSolver	1.056120e-04	1.004520e-05	7	2.281980e-03	1.756240e-04	7	2.033030e-03	1.563880e-04	7	false	GAMG	1.085150e-03	4.493950e-06	4	true
394           	smoothSolver	1.040730e-04	9.991210e-06	7	2.222420e-03	1.708370e-04	7	1.998270e-03	1.555410e-04	7	false	GAMG	1.059140e-03	4.385440e-06	4	true
395           	smoothSolver	1.031610e-04	9.911240e-06	7	2.179920e-03	1.659210e-04	7	1.960620e-03	1.532640e-04	7	false	GAMG	1.040940e-03	4.254060e-06	4	true
396           	smoothSolver	1.017960e-04	9.828330e-06	7	2.135820e-03	1.606600e-04	7	1.920210e-03	1.506100e-04	7	false	GAMG	1.022670e-03	4.232610e-06	4	true
397           	smoothSolver	1.011330e-04	9.720760e-06	7	2.099040e-03	1.566400e-04	7	1.891620e-03	1.471330e-04	7	false	GAMG	1.012670e-03	4.327300e-06	4	true
398           	smoothSolver	1.002210e-04	9.666200e-06	7	2.077490e-03	1.550970e-04	7	1.869090e-03	1.448910e-04	7	false	GAMG	9.999670e-04	4.419620e-06	4	true
399           	smoothSolver	9.981170e-05	9.661760e-06	7	2.066700e-03	1.550950e-04	7	1.850020e-03	1.436830e-04	7	false	GAMG	9.922270e-04	4.521780e-06	4	true
400           	smoothSolver	9.941600e-05	9.655760e-06	7	2.064620e-03	1.558970e-04	7	1.838780e-03	1.430650e-04	7	false	GAMG	9.795570e-04	4.438190e-06	4	true
401           	smoothSolver	9.772860e-05	9.367450e-06	7	2.045360e-03	1.548020e-04	7	1.821370e-03	1.418630e-04	7	false	GAMG	9.698390e-04	4.355800e-06	4	true
402           	smoothSolver	9.566640e-05	9.075180e-06	7	2.020910e-03	1.525880e-04	7	1.796610e-03	1.402430e-04	7	false	GAMG	9.578260e-04	4.262050e-06	4	true
403           	smoothSolver	9.423860e-05	8.773420e-06	7	2.000390e-03	1.499180e-04	7	1.779420e-03	1.388540e-04	7	false	GAMG	9.499180e-04	4.203120e-06	4	true
404           	smoothSolver	9.207010e-05	8.480990e-06	7	1.966490e-03	1.461940e-04	7	1.753400e-03	1.353610e-04	7	false	GAMG	9.434820e-04	4.120260e-06	4	true
405           	smoothSolver	9.018140e-05	8.228530e-06	7	1.940340e-03	1.424530e-04	7	1.725380e-03	1.313310e-04	7	false	GAMG	9.405720e-04	4.145600e-06	4	true
406           	smoothSolver	8.856910e-05	8.084980e-06	7	1.921490e-03	1.914600e-04	6	1.703310e-03	1.269250e-04	7	false	GAMG	9.379340e-04	4.110150e-06	4	true
407           	smoothSolver	8.742810e-05	7.957020e-06	7	1.919430e-03	1.904330e-04	6	1.679050e-03	1.671080e-04	6	false	GAMG	9.334680e-04	4.004670e-06	4	true
408           	smoothSolver	8.553050e-05	7.824240e-06	7	1.909240e-03	1.903300e-04	6	1.650560e-03	1.636800e-04	6	false	GAMG	9.292780e-04	3.986800e-06	4	true
409           	smoothSolver	8.436720e-05	7.715960e-06	7	1.903410e-03	1.421860e-04	7	1.639840e-03	1.633270e-04	6	false	GAMG	9.282230e-04	3.986870e-06	4	true
410           	smoothSolver	8.366690e-05	7.632480e-06	7	1.900280e-03	1.429260e-04	7	1.637270e-03	1.630840e-04	6	false	GAMG	9.210190e-04	3.925690e-06	4	true
411           	smoothSolver	8.299520e-05	7.438880e-06	7	1.889750e-03	1.428410e-04	7	1.625060e-03	1.621820e-04	6	false	GAMG	9.085720e-04	3.892080e-06	4	true
412           	smoothSolver	8.160800e-05	7.252290e-06	7	1.858460e-03	1.406290e-04	7	1.606790e-03	1.200800e-04	7	false	GAMG	9.051200e-04	3.895840e-06	4	true
413           	smoothSolver	8.107440e-05	7.140140e-06	7	1.847290e-03	1.399700e-04	7	1.592670e-03	1.191630e-04	7	false	GAMG	9.040950e-04	3.877040e-06	4	true
414           	smoothSolver	8.024570e-05	7.114440e-06	7	1.828950e-03	1.387410e-04	7	1.577870e-03	1.176170e-04	7	false	GAMG	8.978180e-04	3.710100e-06	4	true
415           	smoothSolver	7.864060e-05	6.943780e-06	7	1.810510e-03	1.365520e-04	7	1.555830e-03	1.549490e-04	6	false	GAMG	8.968840e-04	3.616980e-06	4	true
416           	smoothSolver	7.687950e-05	6.858800e-06	7	1.776410e-03	1.332860e-04	7	1.536100e-03	1.521970e-04	6	false	GAMG	8.965000e-04	3.505690e-06	4	true
417           	smoothSolver	7.577290e-05	6.770130e-06	7	1.753050e-03	1.312450e-04	7	1.515750e-03	1.494300e-04	6	false	GAMG	8.954380e-04	3.487420e-06	4	true
418           	smoothSolver	7.516750e-05	6.785830e-06	7	1.736250e-03	1.298920e-04	7	1.505000e-03	1.479780e-04	6	false	GAMG	8.946820e-04	3.448570e-06	4	true
419           	smoothSolver	7.481110e-05	6.700890e-06	7	1.728500e-03	1.278850e-04	7	1.493500e-03	1.462870e-04	6	false	GAMG	8.907630e-04	3.448990e-06	4	true
420           	smoothSolver	7.431760e-05	6.679810e-06	7	1.720150e-03	1.718000e-04	6	1.488110e-03	1.446990e-04	6	false	GAMG	8.960060e-04	3.383110e-06	4	true
421           	smoothSolver	7.453490e-05	6.645560e-06	7	1.721440e-03	1.688580e-04	6	1.490250e-03	1.424620e-04	6	false	GAMG	8.903160e-04	3.374360e-06	4	true
422           	smoothSolver	7.406500e-05	6.588350e-06	7	1.715450e-03	1.674110e-04	6	1.489120e-03	1.400350e-04	6	false	GAMG	8.893870e-04	3.298520e-06	4	true
423           	smoothSolver	7.384360e-05	6.537070e-06	7	1.711500e-03	1.654020e-04	6	1.480420e-03	1.383280e-04	6	false	GAMG	8.833360e-04	8.710440e-06	3	true
424           	smoothSolver	7.295940e-05	6.482530e-06	7	1.677580e-03	1.631160e-04	6	1.460450e-03	1.352530e-04	6	false	GAMG	8.767680e-04	3.446240e-06	4	true
425           	smoothSolver	7.289830e-05	6.484580e-06	7	1.692660e-03	1.667180e-04	6	1.466000e-03	1.365260e-04	6	false	GAMG	8.659070e-04	8.382170e-06	3	true
426           	smoothSolver	7.184320e-05	6.437460e-06	7	1.665130e-03	1.652370e-04	6	1.443150e-03	1.334740e-04	6	false	GAMG	8.574950e-04	3.309570e-06	4	true
427           	smoothSolver	7.204310e-05	6.460280e-06	7	1.676990e-03	1.253120e-04	7	1.444940e-03	1.351170e-04	6	false	GAMG	8.480630e-04	8.304180e-06	3	true
428           	smoothSolver	7.139810e-05	6.404930e-06	7	1.654920e-03	1.244260e-04	7	1.425200e-03	1.331570e-04	6	false	GAMG	8.420100e-04	3.290740e-06	4	true
429           	smoothSolver	7.192910e-05	6.386190e-06	7	1.669030e-03	1.266130e-04	7	1.432830e-03	1.354090e-04	6	false	GAMG	8.393750e-04	8.332000e-06	3	true
430           	smoothSolver	7.172680e-05	6.295920e-06	7	1.653190e-03	1.245830e-04	7	1.424760e-03	1.331250e-04	6	false	GAMG	8.407360e-04	3.372950e-06	4	true
431           	smoothSolver	7.262510e-05	6.278660e-06	7	1.677030e-03	1.268310e-04	7	1.446560e-03	1.354410e-04	6	false	GAMG	8.383790e-04	3.126150e-06	4	true
432           	smoothSolver	7.189990e-05	6.163860e-06	7	1.668990e-03	1.260090e-04	7	1.441740e-03	1.348040e-04	6	false	GAMG	8.435720e-04	3.160180e-06	4	true
433           	smoothSolver	7.153760e-05	6.058560e-06	7	1.664030e-03	1.243840e-04	7	1.449690e-03	1.352770e-04	6	false	GAMG	8.474240e-04	3.136300e-06	4	true
434           	smoothSolver	7.141930e-05	6.033030e-06	7	1.667380e-03	1.240850e-04	7	1.452380e-03	1.345620e-04	6	false	GAMG	8.460040e-04	3.103580e-06	4	true
435           	smoothSolver	7.067280e-05	5.949200e-06	7	1.656790e-03	1.227310e-04	7	1.444700e-03	1.348520e-04	6	false	GAMG	8.391150e-04	3.100300e-06	4	true
436           	smoothSolver	6.965650e-05	5.922730e-06	7	1.633020e-03	1.216220e-04	7	1.441160e-03	1.356360e-04	6	false	GAMG	8.343410e-04	3.062160e-06	4	true
437           	smoothSolver	6.928670e-05	5.921480e-06	7	1.616500e-03	1.202200e-04	7	1.434260e-03	1.350140e-04	6	false	GAMG	8.254270e-04	3.011470e-06	4	true
438           	smoothSolver	6.852400e-05	5.919080e-06	7	1.598830e-03	1.197380e-04	7	1.426570e-03	1.345510e-04	6	false	GAMG	8.193330e-04	3.011730e-06	4	true
439           	smoothSolver	6.845950e-05	5.913470e-06	7	1.588050e-03	1.186670e-04	7	1.414950e-03	1.345330e-04	6	false	GAMG	8.089750e-04	8.088820e-06	3	true
440           	smoothSolver	6.757380e-05	5.837590e-06	7	1.561010e-03	1.165070e-04	7	1.393670e-03	1.325320e-04	6	false	GAMG	7.984790e-04	3.286370e-06	4	true
441           	smoothSolver	6.745530e-05	5.827130e-06	7	1.561540e-03	1.171130e-04	7	1.388920e-03	1.338260e-04	6	false	GAMG	7.891740e-04	3.050340e-06	4	true
442           	smoothSolver	6.666450e-05	5.763510e-06	7	1.547180e-03	1.151140e-04	7	1.382050e-03	1.333090e-04	6	false	GAMG	7.812420e-04	3.097080e-06	4	true
443           	smoothSolver	6.615890e-05	5.675030e-06	7	1.530070e-03	1.515590e-04	6	1.365420e-03	1.314700e-04	6	false	GAMG	7.708240e-04	3.080210e-06	4	true
444           	smoothSolver	6.476630e-05	5.530950e-06	7	1.508230e-03	1.487990e-04	6	1.339880e-03	1.285580e-04	6	false	GAMG	7.643420e-04	3.050110e-06	4	true
445           	smoothSolver	6.410490e-05	5.403050e-06	7	1.485380e-03	1.452410e-04	6	1.321320e-03	1.260530e-04	6	false	GAMG	7.570780e-04	2.965930e-06	4	true
446           	smoothSolver	6.319080e-05	5.295680e-06	7	1.465710e-03	1.428050e-04	6	1.306690e-03	1.237850e-04	6	false	GAMG	7.499480e-04	2.941500e-06	4	true
447           	smoothSolver	6.235480e-05	5.166550e-06	7	1.445610e-03	1.391670e-04	6	1.286220e-03	1.208500e-04	6	false	GAMG	7.434450e-04	2.872400e-06	4	true
448           	smoothSolver	6.146810e-05	5.065710e-06	7	1.429260e-03	1.366540e-04	6	1.267650e-03	1.186110e-04	6	false	GAMG	7.411860e-04	2.907860e-06	4	true
449           	smoothSolver	6.118510e-05	5.027880e-06	7	1.422190e-03	1.345010e-04	6	1.260340e-03	1.165140e-04	6	false	GAMG	7.389990e-04	2.858760e-06	4	true
450           	smoothSolver	6.055880e-05	4.971450e-06	7	1.418760e-03	1.334610e-04	6	1.251700e-03	1.147960e-04	6	false	GAMG	7.393440e-04	2.902860e-06	4	true
451           	smoothSolver	6.071010e-05	4.958020e-06	7	1.422090e-03	1.319830e-04	6	1.249160e-03	1.134210e-04	6	false	GAMG	7.417630e-04	7.364320e-06	3	true
452           	smoothSolver	6.014730e-05	4.896950e-06	7	1.408420e-03	1.284000e-04	6	1.234080e-03	1.105470e-04	6	false	GAMG	7.416470e-04	3.180110e-06	4	true
453           	smoothSolver	6.039010e-05	4.908960e-06	7	1.423970e-03	1.301100e-04	6	1.240340e-03	1.102510e-04	6	false	GAMG	7.458230e-04	7.294280e-06	3	true
454           	smoothSolver	5.986780e-05	4.856200e-06	7	1.411710e-03	1.265080e-04	6	1.234080e-03	1.074480e-04	6	false	GAMG	7.451100e-04	3.273880e-06	4	true
455           	smoothSolver	6.065640e-05	4.909730e-06	7	1.428830e-03	1.294430e-04	6	1.243970e-03	1.080960e-04	6	false	GAMG	7.464280e-04	7.246150e-06	3	true
456           	smoothSolver	5.956860e-05	4.792740e-06	7	1.413210e-03	1.259160e-04	6	1.228880e-03	1.051040e-04	6	false	GAMG	7.482360e-04	3.273530e-06	4	true
457           	smoothSolver	6.076980e-05	4.873190e-06	7	1.439600e-03	1.299280e-04	6	1.251640e-03	1.067480e-04	6	false	GAMG	7.512120e-04	7.218890e-06	3	true
458           	smoothSolver	6.072410e-05	4.880390e-06	7	1.425800e-03	1.283180e-04	6	1.251210e-03	1.053930e-04	6	false	GAMG	7.517800e-04	7.494070e-06	3	true
459           	smoothSolver	6.072730e-05	4.855290e-06	7	1.430930e-03	1.291720e-04	6	1.253100e-03	1.055960e-04	6	false	GAMG	7.530930e-04	7.416380e-06	3	true
460           	smoothSolver	6.091890e-05	4.894400e-06	7	1.441410e-03	1.315730e-04	6	1.260330e-03	1.071630e-04	6	false	GAMG	7.572030e-04	7.339540e-06	3	true
461           	smoothSolver	6.166800e-05	4.978540e-06	7	1.458870e-03	1.335530e-04	6	1.274920e-03	1.083510e-04	6	false	GAMG	7.578600e-04	7.220280e-06	3	true
462           	smoothSolver	6.199690e-05	5.072800e-06	7	1.463600e-03	1.360750e-04	6	1.283310e-03	1.098980e-04	6	false	GAMG	7.606830e-04	7.283510e-06	3	true
463           	smoothSolver	6.289930e-05	5.127410e-06	7	1.473820e-03	1.378630e-04	6	1.295470e-03	1.115350e-04	6	false	GAMG	7.634790e-04	7.272490e-06	3	true
464           	smoothSolver	6.279660e-05	5.143320e-06	7	1.471390e-03	1.391880e-04	6	1.295940e-03	1.122110e-04	6	false	GAMG	7.640690e-04	7.241680e-06	3	true
465           	smoothSolver	6.328830e-05	5.200970e-06	7	1.474850e-03	1.399500e-04	6	1.297230e-03	1.126110e-04	6	false	GAMG	7.720300e-04	7.296030e-06	3	true
466           	smoothSolver	6.368370e-05	5.272620e-06	7	1.486810e-03	1.416050e-04	6	1.305450e-03	1.128050e-04	6	false	GAMG	7.741160e-04	7.272440e-06	3	true
467           	smoothSolver	6.439080e-05	5.380940e-06	7	1.493110e-03	1.426440e-04	6	1.306180e-03	1.131640e-04	6	false	GAMG	7.760420e-04	7.335940e-06	3	true
468           	smoothSolver	6.431720e-05	5.429010e-06	7	1.495670e-03	1.429830e-04	6	1.302340e-03	1.129970e-04	6	false	GAMG	7.786640e-04	7.421390e-06	3	true
469           	smoothSolver	6.529410e-05	5.542220e-06	7	1.512460e-03	1.448860e-04	6	1.314370e-03	1.147640e-04	6	false	GAMG	7.810560e-04	7.476040e-06	3	true
470           	smoothSolver	6.549540e-05	5.616130e-06	7	1.517780e-03	1.454460e-04	6	1.321530e-03	1.153220e-04	6	false	GAMG	7.832460e-04	7.611330e-06	3	true
471           	smoothSolver	6.642620e-05	5.662260e-06	7	1.533530e-03	1.466350e-04	6	1.333390e-03	1.172010e-04	6	false	GAMG	7.880660e-04	7.867140e-06	3	true
472           	smoothSolver	6.665230e-05	5.669560e-06	7	1.542430e-03	1.474260e-04	6	1.340340e-03	1.187810e-04	6	false	GAMG	7.940020e-04	3.189940e-06	4	true
473           	smoothSolver	6.762070e-05	5.717740e-06	7	1.568550e-03	1.500860e-04	6	1.364310e-03	1.220900e-04	6	false	GAMG	8.023040e-04	3.093940e-06	4	true
474           	smoothSolver	6.759610e-05	5.723270e-06	7	1.572200e-03	1.497290e-04	6	1.372290e-03	1.235160e-04	6	false	GAMG	8.106440e-04	3.214060e-06	4	true
475           	smoothSolver	6.835740e-05	5.710990e-06	7	1.589430e-03	1.498010e-04	6	1.388420e-03	1.252940e-04	6	false	GAMG	8.218150e-04	3.404720e-06	4	true
476           	smoothSolver	6.831000e-05	5.679810e-06	7	1.599320e-03	1.495540e-04	6	1.398180e-03	1.258630e-04	6	false	GAMG	8.323310e-04	3.447770e-06	4	true
477           	smoothSolver	6.888390e-05	5.699990e-06	7	1.607280e-03	1.487330e-04	6	1.412330e-03	1.266950e-04	6	false	GAMG	8.463400e-04	3.545140e-06	4	true
478           	smoothSolver	6.908370e-05	5.722630e-06	7	1.618680e-03	1.482880e-04	6	1.427710e-03	1.272100e-04	6	false	GAMG	8.602560e-04	3.504640e-06	4	true
479           	smoothSolver	7.019370e-05	5.791990e-06	7	1.636160e-03	1.484130e-04	6	1.441870e-03	1.280840e-04	6	false	GAMG	8.719080e-04	3.553600e-06	4	true
480           	smoothSolver	7.060930e-05	5.832530e-06	7	1.644660e-03	1.484660e-04	6	1.459620e-03	1.295770e-04	6	false	GAMG	8.853620e-04	3.524290e-06	4	true
481           	smoothSolver	7.134080e-05	5.875150e-06	7	1.655690e-03	1.487990e-04	6	1.480600e-03	1.311470e-04	6	false	GAMG	8.981610e-04	8.973240e-06	3	true
482           	smoothSolver	7.171320e-05	5.930650e-06	7	1.657800e-03	1.479590e-04	6	1.491850e-03	1.314720e-04	6	false	GAMG	9.120870e-04	3.810990e-06	4	true
483           	smoothSolver	7.356740e-05	6.115350e-06	7	1.698200e-03	1.531640e-04	6	1.527890e-03	1.366380e-04	6	false	GAMG	9.262940e-04	9.127080e-06	3	true
484           	smoothSolver	7.409320e-05	6.157630e-06	7	1.700380e-03	1.527020e-04	6	1.541300e-03	1.377680e-04	6	false	GAMG	9.434120e-04	3.883480e-06	4	true
485           	smoothSolver	7.639560e-05	6.356120e-06	7	1.750540e-03	1.591540e-04	6	1.590670e-03	1.435530e-04	6	false	GAMG	9.599160e-04	9.479630e-06	3	true
486           	smoothSolver	7.733300e-05	6.475050e-06	7	1.758120e-03	1.588980e-04	6	1.615170e-03	1.444700e-04	6	false	GAMG	9.748000e-04	3.997480e-06	4	true
487           	smoothSolver	7.911980e-05	6.602510e-06	7	1.806060e-03	1.649900e-04	6	1.655950e-03	1.492120e-04	6	false	GAMG	9.925040e-04	9.861100e-06	3	true
488           	smoothSolver	7.979590e-05	6.634630e-06	7	1.820300e-03	1.640810e-04	6	1.677380e-03	1.496690e-04	6	false	GAMG	1.009590e-03	4.176350e-06	4	true
489           	smoothSolver	8.202340e-05	6.850180e-06	7	1.865440e-03	1.690740e-04	6	1.721340e-03	1.546620e-04	6	false	GAMG	1.031260e-03	1.031010e-05	3	true
490           	smoothSolver	8.233740e-05	6.839620e-06	7	1.875640e-03	1.676540e-04	6	1.740470e-03	1.544290e-04	6	false	GAMG	1.049070e-03	4.350200e-06	4	true
491           	smoothSolver	8.441590e-05	6.993080e-06	7	1.924440e-03	1.725570e-04	6	1.774860e-03	1.573310e-04	6	false	GAMG	1.070490e-03	1.061080e-05	3	true
492           	smoothSolver	8.482600e-05	6.988280e-06	7	1.934410e-03	1.706440e-04	6	1.800780e-03	1.573170e-04	6	false	GAMG	1.088070e-03	4.485480e-06	4	true
493           	smoothSolver	8.651630e-05	7.107380e-06	7	1.979390e-03	1.758110e-04	6	1.828060e-03	1.606260e-04	6	false	GAMG	1.103770e-03	1.083500e-05	3	true
494           	smoothSolver	8.663400e-05	7.050180e-06	7	1.979840e-03	1.738990e-04	6	1.837880e-03	1.593470e-04	6	false	GAMG	1.119390e-03	4.555560e-06	4	true
495           	smoothSolver	8.810930e-05	7.134700e-06	7	2.022680e-03	1.782140e-04	6	1.880370e-03	1.626400e-04	6	false	GAMG	1.131280e-03	1.110370e-05	3	true
496           	smoothSolver	8.785750e-05	7.061520e-06	7	2.012950e-03	1.752730e-04	6	1.878070e-03	1.608140e-04	6	false	GAMG	1.141230e-03	4.614940e-06	4	true
497           	smoothSolver	8.863940e-05	7.039530e-06	7	2.046740e-03	1.795000e-04	6	1.907040e-03	1.622170e-04	6	false	GAMG	1.149370e-03	1.127300e-05	3	true
498           	smoothSolver	8.855630e-05	6.980830e-06	7	2.045930e-03	1.776640e-04	6	1.910880e-03	1.605500e-04	6	false	GAMG	1.157470e-03	4.635170e-06	4	true
499           	smoothSolver	9.005650e-05	7.031540e-06	7	2.087240e-03	1.831300e-04	6	1.941910e-03	1.628560e-04	6	false	GAMG	1.166630e-03	1.148140e-05	3	true
500           	smoothSolver	8.942490e-05	6.934670e-06	7	2.082430e-03	1.811060e-04	6	1.936270e-03	1.611920e-04	6	false	GAMG	1.170790e-03	4.636340e-06	4	true
