/*--------------------------------*- C++ -*----------------------------------*\
  =========                 |
  \\      /  F ield         | OpenFOAM: The Open Source CFD Toolbox
   \\    /   O peration     | Website:  https://openfoam.org
    \\  /    A nd           | Version:  12
     \\/     M anipulation  |
\*---------------------------------------------------------------------------*/
FoamFile
{
    format      binary;
    class       faceSet;
    location    "constant/polyMesh/sets";
    object      layerFaces;
}
// * * * * * * * * * * * * * * * * * * * * * * * * * * * * * * * * * * * * * //


3974
(
98304 
106497 
98308 
106504 
98315 
106508 
98320 
106515 
106518 
98329 
106523 
98333 
106526 
106531 
98340 
106533 
98344 
106536 
106539 
98351 
106544 
98355 
106548 
98362 
106555 
98367 
106559 
106566 
98376 
106569 
98380 
106574 
106577 
98387 
106582 
98392 
106586 
98401 
106593 
98404 
106597 
98409 
106604 
98413 
106607 
98420 
106612 
106615 
98424 
106620 
98431 
106624 
98435 
106631 
98442 
106634 
98446 
106639 
106643 
98453 
98458 
106650 
106654 
98467 
106661 
98470 
106665 
98475 
98479 
106672 
106675 
98486 
106680 
98489 
106683 
98494 
106688 
98497 
106691 
98502 
106696 
98506 
106698 
106701 
106704 
98513 
106709 
98518 
106712 
106717 
98527 
106720 
98531 
106725 
106728 
98538 
98543 
106736 
106739 
98552 
106744 
106747 
98556 
106752 
98563 
106755 
98568 
106760 
106763 
106768 
98577 
106771 
98581 
106776 
106778 
98588 
106781 
98591 
106784 
98596 
106789 
98599 
106792 
98604 
106797 
98608 
106801 
98615 
106808 
98619 
106811 
106816 
98626 
106819 
98631 
106824 
106826 
106829 
106831 
98640 
106834 
98644 
106837 
106842 
98651 
106846 
98655 
106853 
98662 
106856 
98667 
106861 
106865 
98676 
98680 
106872 
106874 
98687 
106879 
98690 
98695 
106887 
98698 
106890 
106893 
98703 
106898 
98708 
106902 
98717 
106909 
106912 
98721 
106917 
98728 
106921 
98732 
106928 
98739 
106932 
98743 
106939 
98750 
106942 
98755 
106947 
106950 
106955 
98764 
98767 
106959 
98772 
106966 
98776 
106969 
106974 
98783 
106977 
98787 
106982 
98794 
106986 
98798 
106993 
106996 
98805 
107001 
98810 
107005 
98819 
107012 
98822 
107014 
107017 
98827 
107020 
98831 
107025 
107028 
98838 
107033 
98842 
107037 
98849 
107044 
98853 
107047 
98860 
107052 
107055 
98864 
107060 
98871 
107064 
98876 
107071 
107074 
98885 
107079 
98888 
107082 
98893 
107087 
98897 
107091 
98904 
107098 
98907 
107101 
98912 
107106 
98916 
107109 
107114 
98923 
107117 
98926 
107122 
98931 
107124 
98935 
107127 
107129 
107132 
107133 
98942 
107134 
98945 
107138 
98950 
98953 
107145 
107148 
98958 
107153 
98962 
107157 
98969 
107164 
98973 
107168 
98980 
107175 
98984 
107178 
98991 
107183 
98994 
107186 
98999 
107191 
99002 
107194 
99007 
107199 
99010 
107202 
99015 
107207 
99018 
107210 
99023 
107215 
107218 
99028 
107223 
107227 
99037 
107234 
107238 
99048 
99052 
107245 
107247 
107250 
99059 
107253 
99062 
107258 
99067 
99070 
107262 
99075 
107269 
99079 
107272 
107277 
99086 
107280 
99090 
107285 
107287 
99097 
107290 
107293 
99102 
107298 
107301 
99111 
107306 
99115 
107308 
107311 
99122 
107314 
99126 
107319 
107322 
99133 
107327 
99136 
107330 
99141 
107335 
99145 
107338 
107343 
99152 
107345 
99155 
107348 
107351 
99160 
99163 
107356 
107359 
99168 
107364 
99173 
107367 
107372 
99182 
107375 
99185 
107380 
99190 
107383 
99193 
107388 
99198 
107391 
99200 
99203 
107396 
107399 
99208 
107404 
107407 
99217 
99220 
107412 
107415 
99225 
107420 
99229 
107423 
99236 
107428 
107431 
99240 
107436 
99247 
107439 
99250 
107444 
107445 
107446 
99255 
107449 
99259 
107454 
107456 
99266 
107459 
99269 
107461 
99274 
107466 
99278 
99285 
107477 
107479 
99289 
107482 
107484 
107487 
99296 
107490 
99299 
107495 
99304 
107499 
99309 
107506 
107509 
99318 
99321 
107514 
107516 
99326 
107519 
99330 
107522 
107527 
99337 
107529 
99340 
107532 
107534 
99345 
107537 
107540 
99350 
107545 
107548 
99359 
107553 
99362 
107556 
99367 
107561 
99370 
107563 
107566 
99375 
107568 
99377 
107571 
99380 
107574 
99384 
107579 
107582 
99391 
99394 
107587 
107590 
99399 
99402 
107595 
107598 
99407 
107603 
99412 
107606 
107611 
107614 
107619 
107621 
99430 
107624 
99435 
107627 
107632 
107633 
107634 
99444 
107636 
99447 
107639 
107641 
99452 
107644 
99454 
107646 
99457 
107649 
99459 
107652 
99462 
107657 
99467 
107659 
107662 
107664 
99476 
107668 
99480 
107672 
107675 
99487 
107680 
99490 
107683 
99495 
107688 
99497 
107691 
99500 
107696 
107700 
99510 
99515 
107707 
107709 
107712 
107715 
99524 
107720 
99529 
107722 
107725 
107729 
99538 
99543 
107736 
107739 
99552 
107744 
107745 
107746 
99555 
107749 
99560 
107754 
99563 
107758 
99568 
99572 
107765 
107767 
107770 
99579 
107774 
99583 
107781 
99590 
107783 
99593 
107786 
107788 
99598 
107791 
99601 
107793 
107796 
99606 
107801 
99611 
107810 
99620 
107812 
99623 
107815 
107818 
99628 
107823 
99632 
107825 
107828 
99639 
107832 
99642 
99647 
107839 
107840 
107841 
99651 
107843 
107846 
107849 
99658 
99661 
107854 
107856 
99666 
107859 
99669 
107861 
107864 
99674 
107867 
99677 
107872 
99682 
107874 
107877 
99686 
107879 
107882 
107884 
99693 
107887 
99696 
107889 
107892 
99701 
107894 
99705 
107897 
107900 
99712 
107905 
99715 
107909 
99720 
107916 
99725 
107917 
107918 
107921 
99734 
107926 
107929 
99739 
107934 
107937 
99748 
107942 
99752 
107945 
107950 
99759 
107953 
99763 
107958 
99770 
107962 
99775 
107969 
107972 
99784 
107977 
99787 
107980 
99792 
107985 
99795 
107988 
99800 
107993 
107996 
99805 
108001 
108004 
99814 
99816 
108009 
99819 
108011 
99821 
108014 
99824 
108016 
108019 
99829 
108022 
108027 
108029 
99838 
108032 
99841 
108033 
108034 
108037 
99846 
99848 
108042 
99851 
108045 
99856 
108050 
108053 
99865 
108058 
99868 
108061 
99873 
108066 
99875 
108069 
99878 
99881 
108074 
108076 
99886 
108079 
99889 
108083 
99894 
108090 
99899 
108093 
108098 
99908 
108101 
99911 
108106 
99916 
108108 
108111 
99921 
108113 
108116 
108121 
99930 
99933 
99938 
108130 
108132 
99941 
108135 
108136 
108137 
99946 
99948 
108141 
99951 
99956 
108148 
108151 
108156 
99965 
108158 
99968 
108161 
108163 
99973 
108166 
99976 
108168 
108171 
99981 
108173 
99983 
108176 
108177 
99986 
108182 
99991 
108183 
108186 
108191 
100000 
100003 
100008 
100011 
108205 
108206 
100016 
108208 
100018 
108211 
108212 
100021 
108213 
108216 
100025 
108221 
108222 
108223 
100032 
108226 
100035 
108231 
100040 
108234 
100043 
108239 
100048 
108241 
100052 
108244 
108246 
100059 
108251 
100062 
108257 
100067 
100070 
108263 
108266 
100075 
108268 
100078 
108271 
108274 
100083 
108276 
100086 
108279 
108282 
100091 
108283 
108284 
100094 
108286 
108289 
100099 
108291 
100102 
108294 
108295 
108296 
108297 
100107 
108299 
100110 
108302 
108305 
100115 
100118 
108310 
108312 
100123 
108315 
108317 
100126 
108320 
108322 
100131 
108325 
100134 
108326 
108327 
108330 
100139 
100142 
108335 
108338 
100147 
100150 
108343 
108345 
100155 
108348 
100158 
108350 
108353 
108354 
100163 
108355 
108357 
100167 
108360 
108364 
100174 
100177 
108371 
100182 
108375 
100186 
108382 
100193 
108385 
100196 
108390 
100201 
108393 
100205 
108398 
108401 
100212 
108406 
100215 
108409 
100220 
108414 
100224 
108416 
108419 
108422 
100231 
108427 
100236 
108428 
108429 
108432 
100245 
108437 
108438 
108439 
100248 
108442 
100253 
108447 
108449 
100258 
108452 
108453 
108454 
108455 
108456 
100267 
108460 
100270 
100275 
108467 
108470 
100280 
108475 
108478 
100289 
108483 
100292 
108485 
108488 
100297 
108489 
108490 
100299 
108492 
100302 
108495 
100304 
108497 
100307 
108500 
108502 
100312 
108505 
108507 
108510 
108512 
100321 
108515 
108516 
108517 
100326 
108519 
108522 
108523 
108524 
108526 
100335 
100337 
108529 
100340 
108532 
100345 
108537 
108539 
108542 
108544 
100354 
108547 
100358 
108551 
100365 
108558 
100368 
108560 
108563 
100373 
108565 
100376 
108568 
108570 
100381 
108573 
108575 
100385 
108578 
108579 
108580 
108582 
100392 
108585 
100395 
108587 
108590 
108591 
100400 
108592 
100403 
108595 
100408 
108600 
100411 
108603 
100416 
108608 
100419 
108611 
100424 
108616 
108617 
108618 
100427 
108619 
108620 
108623 
100432 
100435 
108628 
100440 
108632 
100443 
108639 
100448 
108642 
100451 
108647 
100456 
108650 
100460 
108655 
108658 
100467 
100470 
108663 
108666 
100475 
100478 
108671 
108674 
100483 
100486 
108679 
108681 
100491 
108684 
108686 
100495 
108689 
108690 
108691 
100502 
108694 
100505 
108699 
108701 
100510 
108704 
100513 
108705 
108706 
108709 
100518 
108714 
108717 
108722 
100532 
108724 
108727 
100536 
108730 
100539 
108735 
100544 
108736 
108737 
108738 
100547 
108739 
108742 
100552 
108747 
108751 
100566 
108758 
108760 
100570 
108763 
100574 
108767 
100581 
108774 
100584 
108777 
100589 
108782 
100593 
108785 
108790 
100600 
108792 
108795 
100604 
108797 
108800 
100611 
108803 
100614 
108808 
108810 
100619 
108813 
100623 
108815 
108818 
108820 
100630 
108823 
108825 
100634 
108828 
108830 
100641 
108833 
108834 
108835 
108836 
108837 
108839 
100649 
108842 
108843 
108844 
100653 
108847 
100660 
108852 
108854 
100664 
108857 
108858 
108859 
108862 
100671 
100673 
108867 
100676 
100679 
108871 
100684 
108878 
100687 
108881 
100692 
108886 
100696 
108888 
108891 
108894 
100703 
100705 
108899 
100708 
108901 
108904 
100713 
108906 
108909 
108912 
100722 
100725 
108917 
108919 
100730 
108922 
108926 
100735 
108933 
100744 
108936 
100747 
108941 
100752 
108944 
100756 
108949 
108951 
108954 
100763 
108956 
100765 
108959 
100768 
108960 
108961 
100771 
108963 
108966 
100776 
108969 
100778 
100781 
108974 
100783 
108975 
108976 
100786 
108979 
100790 
108984 
108986 
100797 
108989 
108990 
100799 
108991 
100802 
108994 
100806 
108999 
109001 
109004 
100813 
109006 
100816 
109009 
109012 
100821 
100823 
109017 
100826 
109018 
109019 
109020 
109021 
109022 
100831 
109023 
109026 
109031 
100840 
109033 
100843 
109036 
109038 
100848 
109041 
109043 
100852 
109046 
109047 
109048 
109050 
100859 
109053 
100862 
109054 
109055 
109057 
100867 
109060 
100871 
109063 
109068 
109069 
100878 
109070 
109072 
100882 
109075 
109077 
109080 
100889 
109083 
100892 
109088 
100897 
109090 
100901 
109093 
109094 
109095 
109096 
109097 
109099 
100908 
109102 
100911 
109103 
109104 
109106 
100916 
109109 
109110 
100919 
109111 
109113 
100924 
109116 
100927 
109119 
100932 
109124 
109126 
100935 
109129 
109131 
100940 
100941 
100942 
109134 
109135 
109136 
100945 
109139 
100950 
100952 
109144 
100955 
109147 
100956 
100957 
109152 
100961 
109153 
109154 
109155 
109156 
109157 
109158 
100968 
109160 
100971 
109163 
109164 
109165 
109167 
100976 
109170 
109171 
109172 
100981 
109174 
109177 
109178 
109179 
109180 
109181 
100990 
109184 
100993 
109189 
100998 
109191 
101001 
109194 
109196 
101006 
109199 
109200 
109201 
101010 
109203 
109206 
109208 
101017 
101019 
109211 
109213 
101022 
109216 
109217 
101026 
109218 
109220 
109223 
101033 
109225 
101036 
109228 
109230 
101041 
109233 
109235 
101044 
109238 
109240 
101049 
109243 
101052 
109244 
109245 
109246 
109247 
101057 
109249 
109252 
101061 
109254 
109257 
109258 
109259 
101068 
109260 
109261 
101070 
101073 
109265 
101075 
109267 
101078 
109270 
109272 
101082 
109275 
109276 
109277 
109278 
109279 
101089 
101091 
109283 
101094 
101097 
109290 
101102 
109294 
101105 
109301 
101110 
101111 
109303 
101112 
109306 
109307 
109308 
101117 
109310 
109313 
109316 
101126 
101129 
109321 
109324 
101134 
101137 
109329 
109331 
101142 
109334 
109335 
109336 
109337 
101146 
109338 
109340 
109343 
101153 
109345 
101155 
109348 
109349 
101158 
109350 
101161 
109354 
101166 
101169 
109361 
109363 
101174 
109366 
109369 
101179 
109374 
109376 
109379 
101188 
109380 
109381 
109383 
101192 
109386 
109387 
109388 
101199 
109392 
101202 
101207 
109399 
101210 
109402 
101215 
109407 
109409 
101218 
109412 
109414 
101223 
101225 
109417 
109418 
109419 
101228 
109421 
101230 
109424 
101233 
109426 
101237 
109429 
109431 
109434 
109435 
101244 
109436 
109438 
101248 
109441 
109442 
109443 
109445 
101255 
109448 
109449 
109450 
101259 
109453 
101266 
109458 
101269 
109462 
101274 
101277 
109469 
109473 
101282 
101285 
109480 
101290 
109484 
101293 
101298 
109491 
101300 
109492 
109493 
109494 
101303 
109495 
109496 
109497 
101306 
109500 
101311 
109505 
101314 
109508 
101319 
109513 
101323 
109516 
109521 
101330 
109524 
101333 
109529 
101338 
109530 
109531 
109532 
109533 
101342 
109535 
109538 
109540 
101349 
109543 
101352 
109544 
109545 
109546 
109547 
101357 
109549 
101360 
109552 
109554 
101365 
109557 
109559 
101368 
109562 
101373 
109565 
101377 
109570 
109572 
109575 
101384 
109577 
101388 
109580 
109582 
109585 
101395 
109588 
101398 
109593 
101403 
109595 
109598 
101407 
109599 
109600 
109601 
109602 
109604 
101414 
109607 
101416 
109609 
101419 
109612 
109613 
109614 
101423 
109616 
109619 
101430 
109623 
101434 
109630 
109632 
101441 
109635 
101444 
109637 
109640 
109641 
101449 
109642 
109644 
101452 
109647 
109648 
109649 
101457 
109652 
101460 
109657 
101465 
109660 
101468 
109665 
101473 
109668 
101476 
109672 
101481 
101484 
109679 
101489 
109682 
101491 
101494 
109687 
101497 
109691 
101502 
101505 
109698 
109700 
101510 
109703 
109704 
109705 
109707 
101515 
109710 
109712 
109715 
101524 
109717 
101526 
109720 
109721 
101529 
109722 
101531 
109725 
101534 
109730 
101539 
109739 
101548 
109741 
101550 
109744 
101553 
101556 
109749 
109752 
101561 
109757 
101565 
109760 
101572 
109765 
101575 
109768 
101580 
109773 
109775 
101583 
109778 
109779 
109780 
101588 
109781 
101589 
109782 
101590 
109784 
101593 
109787 
109789 
101598 
109792 
109794 
101602 
109797 
109798 
109799 
109801 
101609 
109804 
109805 
109806 
101614 
109810 
101623 
109817 
101626 
109820 
101631 
109825 
101634 
109827 
109830 
109831 
101639 
109832 
109833 
109834 
101642 
109836 
109839 
101647 
109841 
101649 
109844 
101652 
109845 
109846 
101654 
109847 
109848 
101657 
109852 
101660 
101665 
109859 
101668 
109863 
101673 
101676 
109870 
109873 
101681 
101683 
109878 
101686 
109881 
101689 
109886 
101694 
109888 
101696 
109891 
101699 
109893 
101703 
109896 
109898 
109901 
101710 
109903 
109906 
101715 
109908 
109911 
109912 
109913 
109915 
101724 
109918 
109919 
101727 
109920 
109923 
101732 
109928 
101737 
109931 
109936 
109938 
101746 
109941 
101750 
109945 
101757 
109952 
101761 
109954 
109957 
109959 
101768 
109962 
101771 
109964 
109967 
109968 
109969 
101778 
109972 
109977 
109978 
101786 
109979 
109981 
101789 
109984 
101792 
109985 
109986 
109989 
101798 
101801 
109994 
109997 
101806 
110002 
101810 
110005 
101813 
110010 
101818 
110013 
101822 
110018 
110021 
101829 
101833 
110026 
110028 
110031 
110032 
101840 
110033 
101841 
101842 
110035 
101845 
110038 
110040 
101850 
110043 
110044 
101852 
110045 
110047 
101855 
110050 
101858 
110053 
101863 
110058 
101866 
110061 
101871 
101873 
110066 
110067 
110068 
101876 
110069 
110070 
101879 
110073 
101884 
110078 
110081 
101889 
110086 
110087 
110088 
110089 
110090 
101898 
110091 
110092 
101902 
110095 
110100 
101909 
110103 
101913 
110108 
110109 
110110 
110111 
110112 
101920 
110115 
101924 
110120 
110123 
101931 
101935 
110128 
110129 
110130 
110131 
110132 
110134 
101942 
101944 
110137 
101947 
110140 
101949 
101952 
110145 
101954 
110149 
101957 
101961 
110156 
110159 
101968 
101970 
110164 
101973 
110167 
101976 
110172 
101981 
110175 
101984 
110180 
101989 
110183 
101993 
110188 
110190 
102000 
110193 
110195 
102005 
110198 
110199 
110200 
110203 
102014 
110208 
110210 
102018 
110213 
110214 
110215 
102025 
110218 
102030 
110223 
110226 
110231 
102039 
110234 
102042 
110239 
102047 
102050 
110243 
102055 
110250 
110253 
102063 
110258 
102067 
110261 
110266 
102074 
102076 
110269 
102079 
110274 
102082 
110276 
110279 
102087 
102088 
102089 
110282 
102093 
110287 
110289 
110292 
102100 
110293 
110294 
110296 
102104 
110299 
110301 
102111 
110304 
110305 
110306 
102114 
110309 
102119 
110314 
102122 
110316 
110319 
102127 
102129 
110322 
102132 
110327 
110328 
102136 
110329 
110330 
110331 
110334 
102143 
110339 
102147 
110342 
102154 
110347 
110348 
110349 
102157 
110350 
110351 
110354 
102162 
102165 
110359 
110361 
102170 
110364 
102172 
110366 
102175 
110369 
102177 
110372 
102180 
102183 
110377 
110378 
110379 
110380 
102188 
110381 
102191 
110384 
102196 
110389 
110391 
102200 
110394 
110395 
110396 
110398 
102207 
110401 
102209 
110402 
110403 
102212 
110406 
102214 
102217 
110411 
110414 
102222 
110419 
110421 
102231 
110424 
110425 
110426 
102234 
110427 
110428 
110429 
110430 
102239 
110432 
102242 
110435 
110436 
110437 
110438 
110439 
102247 
110442 
102251 
110447 
110450 
102258 
110455 
102263 
110456 
110457 
110458 
110459 
110460 
110461 
110463 
102272 
110466 
110467 
110468 
110469 
102277 
110470 
110471 
110472 
110475 
102286 
110480 
110482 
102291 
110485 
110486 
110487 
110491 
102300 
102302 
102305 
110498 
102308 
110501 
102313 
110506 
110508 
102316 
110511 
110512 
110513 
102321 
110514 
110515 
102323 
110517 
102326 
110520 
102328 
110521 
110522 
102331 
110524 
102333 
110527 
102336 
110529 
110532 
102341 
110534 
110537 
110538 
110539 
110541 
102350 
110544 
102353 
110546 
110549 
110550 
102358 
110551 
110553 
102361 
110556 
102366 
110560 
102369 
102374 
110567 
110569 
102379 
110572 
110574 
110577 
110580 
102388 
102391 
110585 
110587 
102396 
110590 
102399 
110593 
102404 
110598 
102406 
110600 
102409 
110603 
110604 
110605 
102413 
110608 
102420 
110613 
110616 
102424 
110621 
110623 
102431 
110626 
102434 
110628 
110631 
102439 
110635 
102443 
110642 
102450 
110645 
102454 
110650 
110652 
102461 
110655 
102464 
110657 
110660 
102469 
110663 
102472 
110668 
102477 
110670 
110673 
102481 
110674 
110675 
110677 
110680 
102488 
110682 
102491 
110685 
110686 
110687 
102496 
110689 
110692 
102501 
110694 
110697 
110698 
110699 
110701 
102510 
110704 
102512 
110705 
110706 
102515 
110708 
102518 
110711 
110712 
110713 
110715 
102523 
102525 
110718 
110720 
102528 
110723 
110724 
102532 
110725 
110727 
110730 
110731 
102539 
110732 
102541 
110734 
102544 
110737 
110738 
110739 
102547 
110741 
110744 
102552 
102553 
102554 
110747 
102557 
110752 
110754 
102562 
110757 
102565 
110759 
110762 
102570 
110765 
102575 
110770 
110772 
110775 
102584 
110777 
110780 
102588 
110782 
110785 
110786 
110787 
102595 
110790 
102598 
110795 
102603 
110798 
102608 
110803 
110805 
110808 
110809 
102617 
110810 
102619 
110812 
102622 
110815 
110816 
102624 
110817 
102627 
110820 
102632 
110825 
110828 
110833 
102641 
110835 
102644 
110838 
110840 
102649 
110843 
110844 
110845 
110846 
102654 
110847 
110848 
110849 
110850 
110851 
110852 
110853 
110855 
102663 
110858 
102666 
110859 
110860 
102671 
110864 
102674 
110871 
102679 
110874 
102683 
110879 
110881 
102690 
110884 
110885 
110886 
102694 
110888 
110891 
110893 
102701 
110896 
110897 
102705 
110898 
110902 
102712 
102716 
110909 
110912 
102723 
110917 
110919 
102727 
110922 
110925 
102734 
102737 
110930 
110931 
110932 
110933 
110934 
102742 
110936 
102744 
110939 
110941 
102751 
110944 
110946 
102756 
110949 
110950 
110951 
110952 
110953 
110954 
110955 
102763 
110958 
110963 
110966 
102775 
110971 
110972 
110973 
110974 
110975 
102783 
110976 
110977 
110980 
102789 
102792 
110985 
110988 
102797 
102800 
110993 
110994 
110995 
110996 
110997 
102805 
111000 
102809 
111005 
111008 
102816 
102820 
111013 
111014 
111015 
111016 
111017 
102827 
111020 
102832 
111025 
111028 
111033 
102841 
102843 
111036 
102846 
111041 
102849 
111044 
102854 
111049 
102858 
111052 
111057 
102865 
111060 
102869 
111065 
111067 
102876 
111070 
102879 
111072 
111075 
111076 
102884 
111077 
111079 
102888 
111082 
111084 
111087 
102895 
111088 
111089 
102897 
111092 
102900 
102904 
111097 
111099 
111102 
102911 
111104 
102914 
111107 
111109 
102919 
111112 
111113 
111114 
102924 
111117 
111122 
111124 
102933 
111127 
111129 
102938 
111132 
111135 
102947 
111140 
111141 
111142 
102950 
111143 
111144 
111145 
111146 
102955 
111149 
102959 
111154 
111157 
102966 
111162 
102970 
111163 
111164 
111165 
111166 
111169 
102977 
102980 
111174 
111177 
102985 
102987 
111182 
102990 
111185 
102995 
111190 
111193 
103004 
111198 
103008 
111201 
111206 
103015 
111209 
103019 
111214 
111216 
103026 
111219 
111221 
103031 
111224 
111225 
111226 
111228 
111231 
103040 
111233 
103042 
111236 
111237 
103045 
111238 
111240 
103048 
111243 
111245 
103053 
103054 
103055 
111248 
111249 
103057 
111250 
103060 
111253 
103063 
111258 
103068 
111261 
103070 
103073 
111266 
103076 
111269 
103081 
111274 
103084 
111277 
103089 
111282 
111285 
103094 
111290 
111293 
103103 
111298 
103107 
111300 
111303 
111305 
103114 
111308 
111309 
103117 
111310 
111312 
103122 
111315 
111317 
103125 
111320 
111321 
111322 
103130 
111324 
103133 
111327 
111330 
103138 
103142 
111335 
103149 
111344 
103152 
111347 
111349 
103157 
111352 
103160 
111353 
111354 
111355 
111356 
103165 
111359 
103168 
111364 
103173 
111366 
103176 
111369 
111372 
103181 
103183 
111377 
103186 
111379 
103189 
111382 
111383 
111384 
111385 
111386 
103194 
111387 
111388 
103196 
111391 
103199 
111396 
103204 
111401 
111405 
103213 
111407 
103216 
111410 
111411 
111412 
111413 
103221 
103223 
103226 
103229 
103234 
103237 
103242 
103243 
103244 
103247 
103252 
103255 
103260 
103264 
103271 
103274 
103279 
103281 
103284 
103287 
103292 
103295 
103300 
103302 
103305 
103309 
103316 
103319 
103324 
103327 
103332 
103336 
103343 
103346 
103351 
103354 
103359 
103362 
103367 
103370 
103375 
103376 
103377 
103379 
103382 
103384 
103387 
103388 
103389 
103393 
103400 
103404 
103411 
103414 
103419 
103422 
103427 
103430 
103435 
103438 
103443 
103445 
103448 
103453 
103462 
103466 
103473 
103476 
103481 
103484 
103489 
103491 
103494 
103496 
103499 
103502 
103507 
103511 
103518 
103522 
103529 
103531 
103534 
103537 
103542 
103544 
103547 
103552 
103561 
103564 
103569 
103572 
103577 
103579 
103582 
103584 
103587 
103592 
103601 
103603 
103606 
103608 
103611 
103616 
103625 
103627 
103630 
103633 
103638 
103642 
103649 
103651 
103654 
103659 
103668 
103671 
103676 
103679 
103684 
103687 
103692 
103696 
103703 
103704 
103705 
103707 
103710 
103713 
103718 
103720 
103723 
103726 
103731 
103733 
103736 
103740 
103747 
103752 
103761 
103764 
103769 
103771 
103774 
103779 
103788 
103791 
103796 
103800 
103807 
103810 
103815 
103817 
103820 
103823 
103828 
103833 
103842 
103846 
103853 
103856 
103861 
103864 
103869 
103870 
103871 
103873 
103876 
103879 
103884 
103888 
103895 
103898 
103903 
103907 
103914 
103916 
103919 
103921 
103924 
103927 
103932 
103934 
103937 
103940 
103945 
103947 
103950 
103951 
103952 
103955 
103960 
103963 
103968 
103970 
103973 
103975 
103978 
103982 
103989 
103991 
103994 
103996 
103999 
104002 
104007 
104008 
104009 
104011 
104014 
104017 
104022 
104025 
104030 
104033 
104038 
104042 
104049 
104051 
104054 
104058 
104065 
104067 
104070 
104074 
104081 
104084 
104089 
104092 
104097 
104099 
104102 
104105 
104110 
104112 
104115 
104118 
104123 
104125 
104128 
104132 
104139 
104141 
104144 
104146 
104149 
104153 
104160 
104162 
104165 
104168 
104173 
104176 
104181 
104182 
104183 
104185 
104188 
104192 
104199 
104201 
104204 
104207 
104212 
104216 
104223 
104226 
104231 
104234 
104239 
104241 
104244 
104247 
104252 
104254 
104257 
104259 
104262 
104265 
104270 
104274 
104281 
104283 
104286 
104289 
96099 
104294 
96103 
104297 
96110 
104302 
104304 
96114 
104307 
104310 
96121 
104315 
96125 
104318 
104323 
96132 
104325 
96136 
104328 
104332 
96143 
96147 
104339 
104341 
104344 
96154 
104347 
96158 
104352 
104355 
96165 
104360 
96169 
104362 
104365 
96176 
104369 
96180 
104376 
96187 
104381 
96191 
96198 
104390 
104392 
96201 
104395 
96206 
104399 
96210 
104406 
96217 
104409 
96221 
104414 
104418 
96231 
104425 
96235 
104427 
104430 
96242 
104435 
96246 
104444 
96253 
104446 
96257 
104449 
104452 
96264 
104457 
96267 
104460 
96272 
104465 
104467 
96276 
104470 
104473 
96283 
104478 
96287 
104479 
104480 
104485 
96294 
96297 
96302 
104494 
96306 
104498 
96313 
104505 
96317 
104509 
96324 
104516 
104519 
96328 
104524 
96335 
104528 
96339 
104535 
104537 
96346 
104540 
96350 
104542 
104545 
96357 
104550 
96360 
96365 
104559 
96369 
104563 
96376 
104570 
96380 
104574 
96387 
104581 
96391 
104585 
96398 
104592 
96402 
104595 
104600 
96409 
96412 
104605 
96417 
96421 
104614 
104617 
96428 
104622 
96432 
104624 
104627 
104630 
96439 
96443 
104635 
104638 
96450 
104643 
96453 
104647 
96458 
96461 
104654 
104657 
96466 
96470 
104662 
104666 
96477 
96481 
104673 
104677 
96488 
96491 
104684 
96496 
104689 
96501 
104698 
104701 
96510 
96514 
104706 
104708 
104711 
104716 
96525 
96529 
104725 
96536 
104728 
96541 
104733 
104735 
104738 
104741 
96550 
104746 
96555 
104749 
104754 
96564 
104757 
96569 
104762 
104765 
96578 
104770 
96582 
104774 
96589 
104781 
104784 
96593 
104789 
104791 
96600 
104794 
96605 
104797 
104802 
104805 
96614 
96618 
104810 
104812 
104815 
96625 
104819 
96630 
104826 
104830 
96639 
96644 
104837 
104840 
96653 
104845 
104848 
96657 
104853 
96664 
104856 
96669 
104861 
104864 
104869 
96678 
104872 
96682 
104877 
104879 
96689 
104882 
104883 
104884 
96694 
104887 
104892 
104894 
96703 
104897 
104898 
96707 
104899 
104903 
96714 
104910 
96719 
104913 
104918 
96728 
104921 
96732 
104926 
104930 
96739 
96744 
104937 
104940 
96753 
104945 
104948 
96758 
104953 
104956 
96767 
104961 
96771 
104964 
104969 
96778 
104970 
104971 
104973 
96783 
104976 
104978 
104981 
104982 
104983 
96792 
104988 
96797 
104997 
96806 
105001 
96810 
105008 
96817 
105011 
96822 
105016 
105018 
105021 
96831 
105024 
96836 
105029 
105032 
96845 
105037 
96849 
105041 
96856 
105048 
105051 
96861 
105056 
105058 
105061 
96870 
105064 
96874 
105069 
105071 
96881 
105074 
96886 
105079 
96895 
105088 
105091 
96900 
105096 
105099 
96909 
105104 
96913 
105108 
96920 
105115 
96925 
105118 
105123 
96934 
105127 
96939 
105134 
105136 
105139 
96948 
105141 
105144 
96953 
105148 
96962 
105155 
105157 
96966 
105160 
105163 
96973 
105168 
96977 
105171 
96984 
105176 
105177 
105178 
105180 
96989 
105183 
105187 
96998 
105194 
97003 
105197 
105202 
97012 
105206 
97016 
105213 
97023 
105216 
97028 
105221 
105223 
105226 
97037 
105229 
97041 
105234 
105237 
97048 
105242 
97052 
105244 
105247 
105249 
97059 
105252 
97062 
105255 
97067 
105260 
105262 
97072 
105265 
105267 
105270 
105272 
97081 
105275 
105276 
97085 
105277 
105279 
105282 
97092 
105286 
97096 
105293 
97103 
105295 
105298 
97107 
105300 
105303 
97114 
105307 
97117 
97122 
105314 
105316 
97125 
105319 
97130 
105322 
97134 
105327 
105330 
105335 
105336 
97145 
105337 
105339 
97150 
105342 
105346 
97159 
105353 
97162 
105355 
105358 
97167 
105360 
97171 
105363 
105367 
97178 
97182 
105374 
105376 
105379 
97189 
105382 
97193 
105387 
105390 
97200 
105395 
97204 
105396 
105397 
105400 
97211 
105405 
97215 
105408 
105413 
97222 
105415 
97226 
105418 
105420 
105423 
97233 
105426 
97236 
105431 
97241 
105433 
97244 
105436 
105438 
97249 
105441 
105443 
97253 
105446 
105447 
105448 
97260 
105452 
97265 
105459 
105462 
97274 
105467 
105469 
97278 
105472 
105475 
97285 
105480 
97289 
105483 
97296 
105488 
105490 
97299 
105493 
97304 
105497 
97308 
105504 
97315 
105508 
97320 
105515 
105518 
97329 
105523 
97333 
105526 
105531 
97340 
105534 
97344 
105539 
105541 
97351 
105544 
97355 
105548 
97362 
105555 
97365 
105558 
97370 
105563 
97374 
105566 
105571 
97381 
105575 
97385 
105582 
97392 
105585 
97395 
105590 
97400 
105593 
97403 
105598 
97408 
105601 
97411 
105606 
97416 
105609 
97420 
105614 
105615 
105616 
105618 
97427 
105621 
97431 
105623 
105626 
105627 
105628 
97438 
105630 
105633 
97442 
105635 
105638 
105640 
97449 
105643 
97454 
105646 
105651 
105653 
97463 
105656 
105658 
97467 
105661 
105665 
97474 
105672 
97481 
105676 
97486 
105683 
97494 
105686 
105691 
97502 
105694 
97505 
105699 
97510 
105702 
97513 
105707 
97518 
105710 
97522 
105715 
105718 
97529 
105723 
105725 
97534 
105728 
105729 
105730 
105733 
97543 
105738 
97547 
105740 
105743 
105744 
105745 
97554 
97557 
105749 
97562 
105756 
97566 
105759 
105764 
97573 
105767 
97576 
105772 
97581 
97584 
105776 
97589 
105783 
97594 
105786 
105791 
105794 
97603 
97607 
105799 
105802 
97614 
105807 
105810 
97619 
105815 
105816 
105817 
105819 
97628 
105822 
97631 
105824 
105827 
97636 
105828 
105829 
97640 
105833 
97647 
105840 
97651 
105843 
105848 
97658 
97662 
105860 
97669 
97673 
105866 
105868 
105871 
97680 
105874 
97684 
105879 
97691 
97695 
105889 
105892 
97702 
105897 
97706 
105899 
105902 
105904 
97713 
105907 
97717 
105910 
105915 
97724 
105918 
97728 
105923 
97735 
105927 
97740 
105934 
105936 
105939 
97749 
105942 
97752 
105947 
97757 
105950 
97762 
105955 
105957 
105960 
97771 
105964 
97774 
97779 
105971 
105973 
97783 
105976 
105979 
97790 
105984 
97794 
105987 
105992 
97801 
105996 
97806 
106003 
106006 
97815 
97819 
106011 
106013 
106016 
97826 
106019 
97830 
106024 
106027 
97837 
106032 
97841 
97848 
106043 
97852 
106047 
106049 
97859 
106052 
97863 
106055 
106060 
97870 
106062 
106065 
97874 
106067 
106070 
106072 
97881 
106075 
97884 
106078 
97889 
106083 
97893 
106086 
106091 
97900 
106094 
97904 
106099 
106102 
97911 
97914 
106107 
106109 
97919 
106112 
106113 
97922 
106114 
106116 
97927 
106119 
106122 
97932 
106127 
106130 
97941 
106135 
97944 
106137 
106140 
97949 
106143 
97953 
106148 
97960 
106152 
97964 
106159 
106161 
97971 
106164 
106166 
97975 
106169 
106172 
97982 
106177 
97986 
106180 
97993 
106185 
97997 
106189 
98004 
106196 
106199 
98009 
106204 
106206 
106209 
98018 
106213 
98022 
106220 
98029 
106222 
106225 
98034 
106228 
106233 
98043 
106236 
98047 
106241 
106244 
98054 
106249 
98058 
106251 
106254 
98065 
106258 
98069 
106265 
98076 
106269 
98080 
106276 
98087 
106280 
98092 
106287 
106290 
98101 
106295 
98106 
106300 
98115 
106309 
98119 
106313 
98126 
98131 
106323 
106326 
106331 
98140 
106334 
98144 
106339 
98151 
106343 
98154 
106350 
98159 
106353 
98162 
106358 
98167 
106363 
98172 
106372 
98181 
106375 
98184 
106380 
98189 
106384 
98193 
106391 
98200 
106394 
98204 
106399 
98211 
106403 
98215 
106410 
106413 
98222 
98226 
106418 
106423 
98233 
98237 
106432 
98244 
106436 
98247 
106443 
98252 
106445 
98256 
106448 
106452 
98263 
98267 
106459 
106461 
106464 
98274 
106467 
98277 
106472 
98282 
106475 
98285 
106480 
98290 
106483 
98295 
106488 
106490 
106493 
)

// ************************************************************************* //
