# Force and moment coefficients
# dragDir     : (1.000000e+00 0.000000e+00 0.000000e+00)
# sideDir     : (0.000000e+00 1.000000e+00 0.000000e+00)
# liftDir     : (0.000000e+00 0.000000e+00 1.000000e+00)
# rollAxis    : (1.000000e+00 0.000000e+00 0.000000e+00)
# pitchAxis   : (0.000000e+00 1.000000e+00 0.000000e+00)
# yawAxis     : (0.000000e+00 0.000000e+00 1.000000e+00)
# magUInf     : 2.000000e+01
# lRef        : 1.420000e+00
# Aref        : 7.500000e-01
# CofR        : (7.200000e-01 0.000000e+00 0.000000e+00)
#
# Time        	Cd            	Cd(f)         	Cd(r)         	Cl            	Cl(f)         	Cl(r)         	CmPitch       	CmRoll        	CmYaw         	Cs            	Cs(f)         	Cs(r)         
1             	1.343761e+00	6.757793e-01	6.679814e-01	-3.823761e-02	5.537788e-01	-5.920164e-01	5.728976e-01	3.898995e-03	-2.191709e-03	-2.284541e-02	-1.361441e-02	-9.230993e-03
2             	1.530144e+00	7.724485e-01	7.576955e-01	-5.449401e-02	6.272645e-01	-6.817585e-01	6.545115e-01	7.376510e-03	-3.529159e-03	-3.237730e-02	-1.971781e-02	-1.265949e-02
3             	1.333058e+00	6.734933e-01	6.595645e-01	-4.031822e-02	5.509968e-01	-5.913150e-01	5.711559e-01	6.964385e-03	-1.584082e-03	-2.963910e-02	-1.640363e-02	-1.323547e-02
4             	1.082260e+00	5.452671e-01	5.369932e-01	-2.832345e-02	4.479946e-01	-4.763181e-01	4.621564e-01	4.136960e-03	1.573073e-03	-2.103249e-02	-8.943173e-03	-1.208932e-02
5             	8.785204e-01	4.397065e-01	4.388139e-01	-1.891569e-02	3.624577e-01	-3.813734e-01	3.719155e-01	4.463062e-04	4.405648e-03	-1.187925e-02	-1.533974e-03	-1.034527e-02
6             	7.266537e-01	3.624274e-01	3.642264e-01	-5.724094e-03	3.019204e-01	-3.076445e-01	3.047824e-01	-8.995006e-04	4.477778e-03	-9.071290e-03	-5.786703e-05	-9.013423e-03
7             	6.212003e-01	3.099107e-01	3.112896e-01	5.596310e-03	2.609894e-01	-2.553931e-01	2.581913e-01	-6.894323e-04	2.602024e-03	-9.872631e-03	-2.334291e-03	-7.538340e-03
8             	5.526334e-01	2.769688e-01	2.756646e-01	1.176376e-02	2.335818e-01	-2.218180e-01	2.276999e-01	6.520941e-04	-5.855764e-04	-1.356996e-02	-7.370558e-03	-6.199405e-03
9             	5.094159e-01	2.575707e-01	2.518451e-01	1.436637e-02	2.153665e-01	-2.010001e-01	2.081833e-01	2.862810e-03	-4.138061e-03	-1.906183e-02	-1.366898e-02	-5.392855e-03
10            	4.814092e-01	2.454008e-01	2.360084e-01	1.634852e-02	2.030794e-01	-1.867308e-01	1.949051e-01	4.696231e-03	-6.966401e-03	-2.314553e-02	-1.853917e-02	-4.606363e-03
11            	4.625212e-01	2.374052e-01	2.251160e-01	1.940057e-02	1.953186e-01	-1.759181e-01	1.856183e-01	6.144643e-03	-8.619471e-03	-2.558200e-02	-2.141047e-02	-4.171531e-03
12            	4.498439e-01	2.313580e-01	2.184859e-01	2.475110e-02	1.922658e-01	-1.675147e-01	1.798903e-01	6.436022e-03	-8.814147e-03	-2.529488e-02	-2.146159e-02	-3.833295e-03
13            	4.421213e-01	2.272011e-01	2.149202e-01	3.122853e-02	1.925209e-01	-1.612923e-01	1.769066e-01	6.140475e-03	-8.385994e-03	-2.407905e-02	-2.042552e-02	-3.653533e-03
14            	4.381483e-01	2.247948e-01	2.133535e-01	3.732876e-02	1.951294e-01	-1.578006e-01	1.764650e-01	5.720684e-03	-7.948296e-03	-2.300240e-02	-1.944950e-02	-3.552905e-03
15            	4.353947e-01	2.232750e-01	2.121197e-01	4.381137e-02	1.987759e-01	-1.549645e-01	1.768702e-01	5.577625e-03	-7.720009e-03	-2.263236e-02	-1.903619e-02	-3.596169e-03
16            	4.330363e-01	2.221543e-01	2.108821e-01	4.965935e-02	2.022221e-01	-1.525628e-01	1.773925e-01	5.636117e-03	-8.130194e-03	-2.310048e-02	-1.968043e-02	-3.420047e-03
17            	4.312654e-01	2.214148e-01	2.098506e-01	5.416780e-02	2.048312e-01	-1.506634e-01	1.777473e-01	5.782103e-03	-9.004787e-03	-2.376470e-02	-2.088714e-02	-2.877563e-03
18            	4.296731e-01	2.205425e-01	2.091306e-01	5.667269e-02	2.061401e-01	-1.494674e-01	1.778037e-01	5.705985e-03	-9.458477e-03	-2.364543e-02	-2.128119e-02	-2.364238e-03
19            	4.277975e-01	2.191743e-01	2.086233e-01	5.686383e-02	2.058913e-01	-1.490275e-01	1.774594e-01	5.275485e-03	-9.050140e-03	-2.242636e-02	-2.026332e-02	-2.163041e-03
20            	4.263899e-01	2.174979e-01	2.088920e-01	5.566288e-02	2.049441e-01	-1.492813e-01	1.771127e-01	4.302943e-03	-7.741440e-03	-1.938355e-02	-1.743321e-02	-1.950333e-03
21            	4.249458e-01	2.158188e-01	2.091270e-01	5.409416e-02	2.037184e-01	-1.496243e-01	1.766714e-01	3.345906e-03	-5.677413e-03	-1.552971e-02	-1.344227e-02	-2.087444e-03
22            	4.235529e-01	2.142851e-01	2.092678e-01	5.296483e-02	2.022834e-01	-1.493186e-01	1.758010e-01	2.508618e-03	-3.272078e-03	-1.146524e-02	-9.004699e-03	-2.460542e-03
23            	4.219229e-01	2.128213e-01	2.091016e-01	5.245474e-02	2.004853e-01	-1.480306e-01	1.742580e-01	1.859817e-03	-1.088514e-03	-8.183290e-03	-5.180159e-03	-3.003131e-03
24            	4.203854e-01	2.115713e-01	2.088141e-01	5.237353e-02	1.983727e-01	-1.459992e-01	1.721860e-01	1.378630e-03	5.210733e-04	-5.885846e-03	-2.421850e-03	-3.463996e-03
25            	4.190769e-01	2.106591e-01	2.084179e-01	5.307710e-02	1.962978e-01	-1.432207e-01	1.697592e-01	1.120585e-03	1.456774e-03	-4.794240e-03	-9.403459e-04	-3.853895e-03
26            	4.180615e-01	2.103153e-01	2.077462e-01	5.428992e-02	1.948191e-01	-1.405292e-01	1.676742e-01	1.284531e-03	1.710965e-03	-5.367540e-03	-9.728055e-04	-4.394735e-03
27            	4.170319e-01	2.100715e-01	2.069603e-01	5.616245e-02	1.939264e-01	-1.377640e-01	1.658452e-01	1.555601e-03	1.398166e-03	-6.930075e-03	-2.066871e-03	-4.863204e-03
28            	4.156974e-01	2.095232e-01	2.061743e-01	5.824807e-02	1.932458e-01	-1.349977e-01	1.641217e-01	1.674452e-03	8.963577e-04	-8.634052e-03	-3.420668e-03	-5.213384e-03
29            	4.142229e-01	2.084488e-01	2.057740e-01	6.038148e-02	1.927389e-01	-1.323574e-01	1.625482e-01	1.337409e-03	5.624969e-04	-9.418021e-03	-4.146514e-03	-5.271507e-03
30            	4.127284e-01	2.070356e-01	2.056929e-01	6.239476e-02	1.924652e-01	-1.300704e-01	1.612678e-01	6.713432e-04	7.580038e-04	-9.059743e-03	-3.771868e-03	-5.287875e-03
31            	4.114724e-01	2.054934e-01	2.059790e-01	6.437170e-02	1.924556e-01	-1.280839e-01	1.602697e-01	-2.427907e-04	1.597062e-03	-7.540227e-03	-2.173051e-03	-5.367176e-03
32            	4.105921e-01	2.040939e-01	2.064983e-01	6.613844e-02	1.926184e-01	-1.264800e-01	1.595492e-01	-1.202219e-03	2.778390e-03	-5.489619e-03	3.358052e-05	-5.523199e-03
33            	4.101725e-01	2.029171e-01	2.072554e-01	6.742993e-02	1.928320e-01	-1.254020e-01	1.591170e-01	-2.169169e-03	3.951904e-03	-3.280030e-03	2.311889e-03	-5.591919e-03
34            	4.102358e-01	2.019241e-01	2.083118e-01	6.824075e-02	1.930822e-01	-1.248415e-01	1.589619e-01	-3.193852e-03	4.804726e-03	-1.171608e-03	4.218922e-03	-5.390529e-03
35            	4.105744e-01	2.009565e-01	2.096179e-01	6.883761e-02	1.933192e-01	-1.244816e-01	1.589004e-01	-4.330729e-03	5.258413e-03	8.616652e-04	5.689245e-03	-4.827580e-03
36            	4.108844e-01	1.999356e-01	2.109488e-01	6.938799e-02	1.935022e-01	-1.241142e-01	1.588082e-01	-5.506606e-03	5.430648e-03	2.787254e-03	6.824275e-03	-4.037021e-03
37            	4.110070e-01	1.988433e-01	2.121637e-01	6.997707e-02	1.936115e-01	-1.236344e-01	1.586229e-01	-6.660213e-03	5.471712e-03	4.744931e-03	7.844178e-03	-3.099247e-03
38            	4.107523e-01	1.976461e-01	2.131063e-01	7.022217e-02	1.935131e-01	-1.232909e-01	1.584020e-01	-7.730106e-03	5.520944e-03	6.770219e-03	8.906053e-03	-2.135834e-03
39            	4.101893e-01	1.964693e-01	2.137200e-01	6.994921e-02	1.931646e-01	-1.232154e-01	1.581900e-01	-8.625371e-03	5.598371e-03	8.691636e-03	9.944189e-03	-1.252553e-03
40            	4.093545e-01	1.954857e-01	2.138688e-01	6.941560e-02	1.927358e-01	-1.233202e-01	1.580280e-01	-9.191529e-03	5.684492e-03	1.005515e-02	1.071207e-02	-6.569191e-04
41            	4.085585e-01	1.948642e-01	2.136942e-01	6.885369e-02	1.922339e-01	-1.233802e-01	1.578071e-01	-9.415016e-03	5.718845e-03	1.075775e-02	1.109772e-02	-3.399696e-04
42            	4.077452e-01	1.944903e-01	2.132549e-01	6.868492e-02	1.918899e-01	-1.232050e-01	1.575475e-01	-9.382289e-03	5.724827e-03	1.085998e-02	1.115481e-02	-2.948382e-04
43            	4.071659e-01	1.943626e-01	2.128033e-01	6.884580e-02	1.917222e-01	-1.228764e-01	1.572993e-01	-9.220356e-03	5.724189e-03	1.065885e-02	1.105361e-02	-3.947654e-04
44            	4.066780e-01	1.943383e-01	2.123397e-01	6.914910e-02	1.916771e-01	-1.225280e-01	1.571026e-01	-9.000711e-03	5.786318e-03	1.030091e-02	1.093677e-02	-6.358622e-04
45            	4.063630e-01	1.943850e-01	2.119781e-01	6.937193e-02	1.916065e-01	-1.222345e-01	1.569205e-01	-8.796554e-03	5.939057e-03	9.953048e-03	1.091558e-02	-9.625336e-04
46            	4.061581e-01	1.944507e-01	2.117074e-01	6.957787e-02	1.916011e-01	-1.220232e-01	1.568122e-01	-8.628389e-03	6.238974e-03	9.591376e-03	1.103466e-02	-1.443286e-03
47            	4.062236e-01	1.946388e-01	2.115847e-01	6.970428e-02	1.915662e-01	-1.218619e-01	1.567140e-01	-8.472956e-03	6.683903e-03	9.208870e-03	1.128834e-02	-2.079468e-03
48            	4.064264e-01	1.948866e-01	2.115398e-01	6.990952e-02	1.915877e-01	-1.216781e-01	1.566329e-01	-8.326585e-03	7.244945e-03	8.790411e-03	1.164015e-02	-2.849739e-03
49            	4.068400e-01	1.953511e-01	2.114888e-01	7.014269e-02	1.915970e-01	-1.214543e-01	1.565256e-01	-8.068849e-03	7.861071e-03	8.160980e-03	1.194156e-02	-3.780581e-03
50            	4.073478e-01	1.960134e-01	2.113344e-01	7.043286e-02	1.916257e-01	-1.211929e-01	1.564093e-01	-7.660491e-03	8.443230e-03	7.181160e-03	1.203381e-02	-4.852649e-03
51            	4.080512e-01	1.969491e-01	2.111021e-01	7.074915e-02	1.916483e-01	-1.208992e-01	1.562738e-01	-7.076495e-03	8.920906e-03	5.809563e-03	1.182569e-02	-6.016125e-03
52            	4.088335e-01	1.980108e-01	2.108226e-01	7.114365e-02	1.917819e-01	-1.206382e-01	1.562100e-01	-6.405913e-03	9.274636e-03	4.137449e-03	1.134336e-02	-7.205911e-03
53            	4.097413e-01	1.990840e-01	2.106574e-01	7.161400e-02	1.920611e-01	-1.204471e-01	1.562541e-01	-5.786687e-03	9.537737e-03	2.467504e-03	1.077149e-02	-8.303985e-03
54            	4.105996e-01	1.999888e-01	2.106108e-01	7.203571e-02	1.923931e-01	-1.203574e-01	1.563753e-01	-5.311028e-03	9.675071e-03	1.004047e-03	1.017709e-02	-9.173047e-03
55            	4.114686e-01	2.007173e-01	2.107514e-01	7.233331e-02	1.927345e-01	-1.204012e-01	1.565678e-01	-5.017067e-03	9.719131e-03	-8.106668e-05	9.678598e-03	-9.759665e-03
56            	4.121901e-01	2.011822e-01	2.110079e-01	7.246190e-02	1.930221e-01	-1.205602e-01	1.567911e-01	-4.912891e-03	9.671839e-03	-7.376065e-04	9.303035e-03	-1.004064e-02
57            	4.129410e-01	2.015661e-01	2.113749e-01	7.245058e-02	1.932972e-01	-1.208466e-01	1.570719e-01	-4.904403e-03	9.550207e-03	-1.101120e-03	8.999647e-03	-1.010077e-02
58            	4.134757e-01	2.017901e-01	2.116855e-01	7.230155e-02	1.934776e-01	-1.211760e-01	1.573268e-01	-4.947695e-03	9.381246e-03	-1.264636e-03	8.748928e-03	-1.001356e-02
59            	4.140621e-01	2.020167e-01	2.120454e-01	7.203610e-02	1.936364e-01	-1.216003e-01	1.576184e-01	-5.014317e-03	9.207181e-03	-1.268795e-03	8.572784e-03	-9.841578e-03
60            	4.144580e-01	2.021140e-01	2.123441e-01	7.158031e-02	1.936389e-01	-1.220586e-01	1.578488e-01	-5.115054e-03	9.044210e-03	-1.135498e-03	8.476461e-03	-9.611959e-03
61            	4.148234e-01	2.021780e-01	2.126454e-01	7.108662e-02	1.935429e-01	-1.224562e-01	1.579995e-01	-5.233667e-03	8.958142e-03	-8.828923e-04	8.516696e-03	-9.399588e-03
62            	4.149677e-01	2.021128e-01	2.128549e-01	7.056087e-02	1.933626e-01	-1.228017e-01	1.580821e-01	-5.371039e-03	8.938722e-03	-5.801994e-04	8.648622e-03	-9.228821e-03
63            	4.151221e-01	2.019988e-01	2.131233e-01	6.997303e-02	1.931312e-01	-1.231582e-01	1.581447e-01	-5.562258e-03	8.982107e-03	-1.330158e-04	8.915599e-03	-9.048615e-03
64            	4.149639e-01	2.016992e-01	2.132647e-01	6.937143e-02	1.927884e-01	-1.234169e-01	1.581026e-01	-5.782732e-03	9.042663e-03	3.372465e-04	9.211287e-03	-8.874040e-03
65            	4.148469e-01	2.014440e-01	2.134029e-01	6.877458e-02	1.924321e-01	-1.236575e-01	1.580448e-01	-5.979428e-03	9.118975e-03	7.028698e-04	9.470410e-03	-8.767541e-03
66            	4.145549e-01	2.011196e-01	2.134353e-01	6.822368e-02	1.920476e-01	-1.238239e-01	1.579357e-01	-6.157833e-03	9.148178e-03	9.739164e-04	9.635136e-03	-8.661220e-03
67            	4.144479e-01	2.009410e-01	2.135069e-01	6.776413e-02	1.917457e-01	-1.239815e-01	1.578636e-01	-6.282931e-03	9.198136e-03	1.106857e-03	9.751564e-03	-8.644708e-03
68            	4.142659e-01	2.007271e-01	2.135388e-01	6.738465e-02	1.914668e-01	-1.240821e-01	1.577745e-01	-6.405832e-03	9.251899e-03	1.213571e-03	9.858685e-03	-8.645114e-03
69            	4.143478e-01	2.006454e-01	2.137024e-01	6.715145e-02	1.913546e-01	-1.242032e-01	1.577789e-01	-6.528482e-03	9.384815e-03	1.333817e-03	1.005172e-02	-8.717907e-03
70            	4.144363e-01	2.005395e-01	2.138969e-01	6.695265e-02	1.912811e-01	-1.243285e-01	1.578048e-01	-6.678698e-03	9.562193e-03	1.539011e-03	1.033170e-02	-8.792687e-03
71            	4.147332e-01	2.005284e-01	2.142048e-01	6.687493e-02	1.913153e-01	-1.244403e-01	1.578778e-01	-6.838214e-03	9.837265e-03	1.795710e-03	1.073512e-02	-8.939410e-03
72            	4.149032e-01	2.004006e-01	2.145025e-01	6.679437e-02	1.912828e-01	-1.244884e-01	1.578856e-01	-7.050954e-03	1.015204e-02	2.172033e-03	1.123805e-02	-9.066020e-03
73            	4.152397e-01	2.002858e-01	2.149539e-01	6.684324e-02	1.913355e-01	-1.244922e-01	1.579138e-01	-7.334020e-03	1.053568e-02	2.716716e-03	1.189404e-02	-9.177320e-03
74            	4.153442e-01	1.999783e-01	2.153659e-01	6.680757e-02	1.912180e-01	-1.244105e-01	1.578142e-01	-7.693758e-03	1.094737e-02	3.414947e-03	1.265484e-02	-9.239893e-03
75            	4.156184e-01	1.996936e-01	2.159248e-01	6.675942e-02	1.911223e-01	-1.243629e-01	1.577426e-01	-8.115591e-03	1.136515e-02	4.249579e-03	1.348994e-02	-9.240365e-03
76            	4.157225e-01	1.993235e-01	2.163990e-01	6.658842e-02	1.908976e-01	-1.243092e-01	1.576034e-01	-8.537788e-03	1.170824e-02	5.080822e-03	1.424866e-02	-9.167833e-03
77            	4.159925e-01	1.991387e-01	2.168537e-01	6.647587e-02	1.907309e-01	-1.242551e-01	1.574930e-01	-8.857481e-03	1.195071e-02	5.699593e-03	1.480051e-02	-9.100916e-03
78            	4.160459e-01	1.989887e-01	2.170571e-01	6.633877e-02	1.904863e-01	-1.241476e-01	1.573170e-01	-9.034195e-03	1.203798e-02	5.997274e-03	1.503662e-02	-9.039344e-03
79            	4.163169e-01	1.991045e-01	2.172124e-01	6.633805e-02	1.903835e-01	-1.240454e-01	1.572144e-01	-9.053951e-03	1.198363e-02	5.957859e-03	1.496256e-02	-9.004700e-03
80            	4.163583e-01	1.992195e-01	2.171388e-01	6.632617e-02	1.902252e-01	-1.238990e-01	1.570621e-01	-8.959667e-03	1.180964e-02	5.629155e-03	1.462421e-02	-8.995058e-03
81            	4.167231e-01	1.995280e-01	2.171951e-01	6.633959e-02	1.902584e-01	-1.239188e-01	1.570886e-01	-8.833538e-03	1.158059e-02	5.206077e-03	1.418363e-02	-8.977551e-03
82            	4.170059e-01	1.997333e-01	2.172726e-01	6.621059e-02	1.902644e-01	-1.240538e-01	1.571591e-01	-8.769671e-03	1.135032e-02	4.898613e-03	1.379963e-02	-8.901012e-03
83            	4.175462e-01	1.999445e-01	2.176017e-01	6.604100e-02	1.903919e-01	-1.243509e-01	1.573714e-01	-8.828577e-03	1.122724e-02	4.850639e-03	1.365256e-02	-8.801918e-03
84            	4.179585e-01	1.998881e-01	2.180704e-01	6.564831e-02	1.904536e-01	-1.248053e-01	1.576295e-01	-9.091179e-03	1.120605e-02	5.265914e-03	1.383901e-02	-8.573096e-03
85            	4.185619e-01	1.997407e-01	2.188212e-01	6.518313e-02	1.905641e-01	-1.253810e-01	1.579726e-01	-9.540262e-03	1.135283e-02	6.098746e-03	1.440221e-02	-8.303461e-03
86            	4.188487e-01	1.992562e-01	2.195925e-01	6.459280e-02	1.905065e-01	-1.259137e-01	1.582101e-01	-1.016818e-02	1.158785e-02	7.356054e-03	1.526587e-02	-7.909819e-03
87            	4.192298e-01	1.987393e-01	2.204905e-01	6.407126e-02	1.904915e-01	-1.264202e-01	1.584558e-01	-1.087563e-02	1.188355e-02	8.803301e-03	1.628520e-02	-7.481901e-03
88            	4.192951e-01	1.980545e-01	2.212405e-01	6.351113e-02	1.903096e-01	-1.267985e-01	1.585540e-01	-1.159299e-02	1.213675e-02	1.028766e-02	1.728058e-02	-6.992918e-03
89            	4.194339e-01	1.975039e-01	2.219300e-01	6.311301e-02	1.901589e-01	-1.270459e-01	1.586024e-01	-1.221309e-02	1.231806e-02	1.157968e-02	1.810790e-02	-6.528217e-03
90            	4.193078e-01	1.969228e-01	2.223850e-01	6.277489e-02	1.899108e-01	-1.271359e-01	1.585234e-01	-1.273112e-02	1.238780e-02	1.266237e-02	1.871898e-02	-6.056612e-03
91            	4.193809e-01	1.965673e-01	2.228136e-01	6.266229e-02	1.897935e-01	-1.271312e-01	1.584623e-01	-1.312314e-02	1.238644e-02	1.349747e-02	1.913517e-02	-5.637704e-03
92            	4.192230e-01	1.961951e-01	2.230279e-01	6.261717e-02	1.896189e-01	-1.270017e-01	1.583103e-01	-1.341641e-02	1.231229e-02	1.413162e-02	1.937810e-02	-5.246477e-03
93            	4.193185e-01	1.960148e-01	2.233037e-01	6.275863e-02	1.896335e-01	-1.268749e-01	1.582542e-01	-1.364445e-02	1.221558e-02	1.463460e-02	1.953288e-02	-4.898277e-03
94            	4.192144e-01	1.957498e-01	2.234646e-01	6.286735e-02	1.895894e-01	-1.267220e-01	1.581557e-01	-1.385739e-02	1.209940e-02	1.509536e-02	1.964707e-02	-4.551717e-03
95            	4.193396e-01	1.955918e-01	2.237478e-01	6.306837e-02	1.896952e-01	-1.266268e-01	1.581610e-01	-1.407799e-02	1.201340e-02	1.554688e-02	1.978684e-02	-4.239960e-03
96            	4.192981e-01	1.952880e-01	2.240101e-01	6.320295e-02	1.897741e-01	-1.265712e-01	1.581727e-01	-1.436103e-02	1.193578e-02	1.609018e-02	1.998087e-02	-3.890685e-03
97            	4.194798e-01	1.950289e-01	2.244509e-01	6.331372e-02	1.899378e-01	-1.266241e-01	1.582809e-01	-1.471098e-02	1.191738e-02	1.674906e-02	2.029191e-02	-3.542851e-03
98            	4.194135e-01	1.945647e-01	2.248488e-01	6.327016e-02	1.899522e-01	-1.266820e-01	1.583171e-01	-1.514205e-02	1.196003e-02	1.754325e-02	2.073166e-02	-3.188411e-03
99            	4.195446e-01	1.941364e-01	2.254082e-01	6.323746e-02	1.900476e-01	-1.268101e-01	1.584288e-01	-1.563588e-02	1.206533e-02	1.847379e-02	2.130222e-02	-2.828430e-03
100           	4.194535e-01	1.935623e-01	2.258912e-01	6.304936e-02	1.899737e-01	-1.269243e-01	1.584490e-01	-1.616447e-02	1.220444e-02	1.946304e-02	2.193596e-02	-2.472917e-03
101           	4.194754e-01	1.930662e-01	2.264092e-01	6.285073e-02	1.898825e-01	-1.270318e-01	1.584571e-01	-1.667147e-02	1.237752e-02	2.040754e-02	2.258129e-02	-2.173749e-03
102           	4.192096e-01	1.924608e-01	2.267488e-01	6.254786e-02	1.895988e-01	-1.270510e-01	1.583249e-01	-1.714404e-02	1.250384e-02	2.127302e-02	2.314035e-02	-1.867329e-03
103           	4.190563e-01	1.920126e-01	2.270437e-01	6.232858e-02	1.893454e-01	-1.270168e-01	1.581811e-01	-1.751554e-02	1.261339e-02	2.191469e-02	2.357074e-02	-1.656049e-03
104           	4.186842e-01	1.915817e-01	2.271026e-01	6.213022e-02	1.889905e-01	-1.268602e-01	1.579254e-01	-1.776046e-02	1.267105e-02	2.226195e-02	2.380202e-02	-1.540070e-03
105           	4.185029e-01	1.913592e-01	2.271437e-01	6.213605e-02	1.887740e-01	-1.266379e-01	1.577060e-01	-1.789228e-02	1.269468e-02	2.236850e-02	2.387893e-02	-1.510423e-03
106           	4.182361e-01	1.911800e-01	2.270561e-01	6.223753e-02	1.885854e-01	-1.263478e-01	1.574666e-01	-1.793805e-02	1.266616e-02	2.229521e-02	2.381376e-02	-1.518558e-03
107           	4.182611e-01	1.912116e-01	2.270495e-01	6.253720e-02	1.886123e-01	-1.260751e-01	1.573437e-01	-1.791897e-02	1.262349e-02	2.211657e-02	2.368178e-02	-1.565208e-03
108           	4.181895e-01	1.912119e-01	2.269776e-01	6.284389e-02	1.886371e-01	-1.257932e-01	1.572152e-01	-1.788289e-02	1.255251e-02	2.191329e-02	2.350915e-02	-1.595861e-03
109           	4.183245e-01	1.913294e-01	2.269950e-01	6.320034e-02	1.887677e-01	-1.255673e-01	1.571675e-01	-1.783278e-02	1.249997e-02	2.172811e-02	2.336403e-02	-1.635917e-03
110           	4.182945e-01	1.913457e-01	2.269488e-01	6.355280e-02	1.889083e-01	-1.253555e-01	1.571319e-01	-1.780154e-02	1.247007e-02	2.159382e-02	2.326698e-02	-1.673161e-03
111           	4.184679e-01	1.914162e-01	2.270517e-01	6.385103e-02	1.891037e-01	-1.252527e-01	1.571782e-01	-1.781777e-02	1.247706e-02	2.161721e-02	2.328566e-02	-1.668453e-03
112           	4.185245e-01	1.913640e-01	2.271605e-01	6.402371e-02	1.892351e-01	-1.252114e-01	1.572232e-01	-1.789827e-02	1.248485e-02	2.180543e-02	2.338757e-02	-1.582132e-03
113           	4.187524e-01	1.913894e-01	2.273630e-01	6.419252e-02	1.894393e-01	-1.252468e-01	1.573430e-01	-1.798680e-02	1.254386e-02	2.204086e-02	2.356429e-02	-1.523431e-03
114           	4.188350e-01	1.912994e-01	2.275357e-01	6.420987e-02	1.895414e-01	-1.253316e-01	1.574365e-01	-1.811815e-02	1.256386e-02	2.238721e-02	2.375746e-02	-1.370253e-03
115           	4.190416e-01	1.913039e-01	2.277377e-01	6.424780e-02	1.896932e-01	-1.254454e-01	1.575693e-01	-1.821688e-02	1.258956e-02	2.268584e-02	2.393247e-02	-1.246640e-03
116           	4.190766e-01	1.912237e-01	2.278529e-01	6.409932e-02	1.896949e-01	-1.255956e-01	1.576453e-01	-1.831461e-02	1.257241e-02	2.297380e-02	2.405931e-02	-1.085506e-03
117           	4.191878e-01	1.912195e-01	2.279683e-01	6.398565e-02	1.897106e-01	-1.257250e-01	1.577178e-01	-1.837444e-02	1.254223e-02	2.319155e-02	2.413801e-02	-9.464560e-04
118           	4.190762e-01	1.911113e-01	2.279649e-01	6.378971e-02	1.895977e-01	-1.258080e-01	1.577028e-01	-1.842677e-02	1.247147e-02	2.338710e-02	2.416502e-02	-7.779228e-04
119           	4.190596e-01	1.911057e-01	2.279539e-01	6.368653e-02	1.895460e-01	-1.258595e-01	1.577027e-01	-1.842409e-02	1.242270e-02	2.346518e-02	2.415529e-02	-6.901088e-04
120           	4.188418e-01	1.910018e-01	2.278400e-01	6.355192e-02	1.894001e-01	-1.258482e-01	1.576242e-01	-1.841908e-02	1.234823e-02	2.352860e-02	2.411253e-02	-5.839267e-04
121           	4.187642e-01	1.909885e-01	2.277757e-01	6.353972e-02	1.893603e-01	-1.258206e-01	1.575905e-01	-1.839359e-02	1.229971e-02	2.353324e-02	2.406633e-02	-5.330893e-04
122           	4.185148e-01	1.908932e-01	2.276216e-01	6.348641e-02	1.892381e-01	-1.257517e-01	1.574949e-01	-1.836419e-02	1.223090e-02	2.350439e-02	2.398310e-02	-4.787075e-04
123           	4.184136e-01	1.908505e-01	2.275631e-01	6.357544e-02	1.892237e-01	-1.256483e-01	1.574360e-01	-1.835631e-02	1.217200e-02	2.349581e-02	2.391991e-02	-4.240936e-04
124           	4.181353e-01	1.907471e-01	2.273882e-01	6.357210e-02	1.891215e-01	-1.255494e-01	1.573355e-01	-1.832054e-02	1.208257e-02	2.339316e-02	2.377914e-02	-3.859883e-04
125           	4.180432e-01	1.906964e-01	2.273468e-01	6.372189e-02	1.891529e-01	-1.254310e-01	1.572919e-01	-1.832523e-02	1.200856e-02	2.336120e-02	2.368916e-02	-3.279653e-04
126           	4.177691e-01	1.905745e-01	2.271946e-01	6.378563e-02	1.890637e-01	-1.252781e-01	1.571709e-01	-1.831003e-02	1.188676e-02	2.324080e-02	2.350716e-02	-2.663632e-04
127           	4.176687e-01	1.905057e-01	2.271630e-01	6.398132e-02	1.891016e-01	-1.251203e-01	1.571109e-01	-1.832866e-02	1.178053e-02	2.320355e-02	2.338231e-02	-1.787512e-04
128           	4.174739e-01	1.903928e-01	2.270811e-01	6.408677e-02	1.890707e-01	-1.249840e-01	1.570273e-01	-1.834415e-02	1.167073e-02	2.313385e-02	2.323765e-02	-1.038019e-04
129           	4.174453e-01	1.903500e-01	2.270953e-01	6.427506e-02	1.891262e-01	-1.248511e-01	1.569887e-01	-1.837264e-02	1.155999e-02	2.312191e-02	2.312095e-02	9.654619e-07
130           	4.172949e-01	1.902421e-01	2.270529e-01	6.438068e-02	1.891062e-01	-1.247256e-01	1.569159e-01	-1.840541e-02	1.144337e-02	2.313422e-02	2.301048e-02	1.237452e-04
131           	4.173134e-01	1.902192e-01	2.270943e-01	6.455362e-02	1.891874e-01	-1.246338e-01	1.569106e-01	-1.843754e-02	1.136410e-02	2.317600e-02	2.295211e-02	2.238960e-04
132           	4.172265e-01	1.901364e-01	2.270901e-01	6.459025e-02	1.891854e-01	-1.245951e-01	1.568903e-01	-1.847685e-02	1.127225e-02	2.324111e-02	2.289281e-02	3.483030e-04
133           	4.172828e-01	1.901367e-01	2.271461e-01	6.468077e-02	1.892668e-01	-1.245861e-01	1.569265e-01	-1.850467e-02	1.122103e-02	2.330831e-02	2.287519e-02	4.331257e-04
134           	4.172083e-01	1.900782e-01	2.271301e-01	6.463299e-02	1.892506e-01	-1.246176e-01	1.569341e-01	-1.852591e-02	1.118374e-02	2.335552e-02	2.286150e-02	4.940211e-04
135           	4.172736e-01	1.900879e-01	2.271857e-01	6.464666e-02	1.893104e-01	-1.246638e-01	1.569871e-01	-1.854894e-02	1.115840e-02	2.343333e-02	2.287506e-02	5.582638e-04
136           	4.171665e-01	1.900317e-01	2.271348e-01	6.453347e-02	1.892537e-01	-1.247202e-01	1.569869e-01	-1.855156e-02	1.114500e-02	2.345673e-02	2.287337e-02	5.833638e-04
137           	4.171781e-01	1.900576e-01	2.271205e-01	6.448725e-02	1.892571e-01	-1.247699e-01	1.570135e-01	-1.853145e-02	1.115357e-02	2.343841e-02	2.287277e-02	5.656398e-04
138           	4.170251e-01	1.900538e-01	2.269712e-01	6.433794e-02	1.891477e-01	-1.248097e-01	1.569787e-01	-1.845870e-02	1.117437e-02	2.330460e-02	2.282667e-02	4.779353e-04
139           	4.170252e-01	1.901345e-01	2.268907e-01	6.429803e-02	1.891271e-01	-1.248290e-01	1.569781e-01	-1.837814e-02	1.118246e-02	2.317502e-02	2.276997e-02	4.050517e-04
140           	4.168515e-01	1.902012e-01	2.266503e-01	6.414093e-02	1.889658e-01	-1.248249e-01	1.568953e-01	-1.822457e-02	1.119423e-02	2.287451e-02	2.263148e-02	2.430251e-04
141           	4.168464e-01	1.903883e-01	2.264581e-01	6.415493e-02	1.889313e-01	-1.247764e-01	1.568539e-01	-1.803492e-02	1.120611e-02	2.250665e-02	2.245943e-02	4.721252e-05
142           	4.166724e-01	1.905113e-01	2.261611e-01	6.413580e-02	1.888104e-01	-1.246746e-01	1.567425e-01	-1.782488e-02	1.119165e-02	2.208570e-02	2.223450e-02	-1.488047e-04
143           	4.166780e-01	1.907521e-01	2.259259e-01	6.423123e-02	1.887982e-01	-1.245669e-01	1.566826e-01	-1.758689e-02	1.118306e-02	2.161297e-02	2.198954e-02	-3.765743e-04
144           	4.165114e-01	1.909183e-01	2.255931e-01	6.432925e-02	1.887313e-01	-1.244021e-01	1.565667e-01	-1.733740e-02	1.114995e-02	2.110032e-02	2.170011e-02	-5.997913e-04
145           	4.165294e-01	1.911524e-01	2.253770e-01	6.449783e-02	1.887471e-01	-1.242493e-01	1.564982e-01	-1.711228e-02	1.110325e-02	2.066118e-02	2.143384e-02	-7.726604e-04
146           	4.163638e-01	1.912821e-01	2.250817e-01	6.464340e-02	1.886959e-01	-1.240525e-01	1.563742e-01	-1.689977e-02	1.106167e-02	2.022024e-02	2.117179e-02	-9.515512e-04
147           	4.163728e-01	1.914718e-01	2.249010e-01	6.485531e-02	1.887249e-01	-1.238696e-01	1.562973e-01	-1.671460e-02	1.102641e-02	1.984714e-02	2.094998e-02	-1.102842e-03
148           	4.161884e-01	1.915226e-01	2.246658e-01	6.496518e-02	1.886387e-01	-1.236735e-01	1.561561e-01	-1.657161e-02	1.098242e-02	1.955080e-02	2.075782e-02	-1.207024e-03
149           	4.161829e-01	1.916421e-01	2.245407e-01	6.513807e-02	1.886473e-01	-1.235093e-01	1.560783e-01	-1.644932e-02	1.097518e-02	1.929650e-02	2.062343e-02	-1.326929e-03
150           	4.159789e-01	1.916148e-01	2.243641e-01	6.518513e-02	1.885160e-01	-1.233309e-01	1.559234e-01	-1.637463e-02	1.093768e-02	1.914616e-02	2.051076e-02	-1.364603e-03
151           	4.159333e-01	1.916529e-01	2.242805e-01	6.535164e-02	1.885161e-01	-1.231644e-01	1.558403e-01	-1.631378e-02	1.093038e-02	1.903590e-02	2.044834e-02	-1.412433e-03
152           	4.157154e-01	1.915963e-01	2.241192e-01	6.542087e-02	1.884109e-01	-1.229900e-01	1.557005e-01	-1.626146e-02	1.090301e-02	1.893475e-02	2.037039e-02	-1.435636e-03
153           	4.156758e-01	1.916221e-01	2.240537e-01	6.556296e-02	1.883935e-01	-1.228305e-01	1.556120e-01	-1.621581e-02	1.087868e-02	1.887075e-02	2.031405e-02	-1.443303e-03
154           	4.154193e-01	1.915486e-01	2.238707e-01	6.564973e-02	1.882678e-01	-1.226180e-01	1.554429e-01	-1.616104e-02	1.082113e-02	1.878898e-02	2.021562e-02	-1.426643e-03
155           	4.153795e-01	1.915935e-01	2.237860e-01	6.582128e-02	1.882615e-01	-1.224403e-01	1.553509e-01	-1.609627e-02	1.078639e-02	1.869812e-02	2.013545e-02	-1.437327e-03
156           	4.151590e-01	1.915576e-01	2.236013e-01	6.593164e-02	1.881622e-01	-1.222306e-01	1.551964e-01	-1.602183e-02	1.071667e-02	1.857878e-02	2.000606e-02	-1.427281e-03
157           	4.151347e-01	1.916299e-01	2.235048e-01	6.612662e-02	1.881771e-01	-1.220505e-01	1.551138e-01	-1.593748e-02	1.066049e-02	1.845478e-02	1.988788e-02	-1.433099e-03
158           	4.149454e-01	1.916190e-01	2.233264e-01	6.622984e-02	1.880993e-01	-1.218695e-01	1.549844e-01	-1.585371e-02	1.060416e-02	1.831081e-02	1.975956e-02	-1.448752e-03
159           	4.149425e-01	1.916924e-01	2.232501e-01	6.636676e-02	1.880975e-01	-1.217307e-01	1.549141e-01	-1.577881e-02	1.053203e-02	1.821460e-02	1.963933e-02	-1.424725e-03
160           	4.147834e-01	1.916817e-01	2.231017e-01	6.641870e-02	1.880252e-01	-1.216065e-01	1.548158e-01	-1.570997e-02	1.046955e-02	1.811815e-02	1.952862e-02	-1.410473e-03
161           	4.147933e-01	1.917707e-01	2.230226e-01	6.648405e-02	1.880135e-01	-1.215294e-01	1.547714e-01	-1.562596e-02	1.042448e-02	1.800544e-02	1.942720e-02	-1.421760e-03
162           	4.146364e-01	1.917626e-01	2.228738e-01	6.648063e-02	1.879311e-01	-1.214505e-01	1.546908e-01	-1.555560e-02	1.037234e-02	1.793346e-02	1.933907e-02	-1.405610e-03
163           	4.146539e-01	1.918681e-01	2.227858e-01	6.650487e-02	1.879315e-01	-1.214267e-01	1.546791e-01	-1.545887e-02	1.032811e-02	1.782064e-02	1.923843e-02	-1.417797e-03
164           	4.145091e-01	1.919106e-01	2.225985e-01	6.643114e-02	1.878261e-01	-1.213950e-01	1.546105e-01	-1.534393e-02	1.027748e-02	1.767294e-02	1.911395e-02	-1.441008e-03
165           	4.145506e-01	1.920601e-01	2.224905e-01	6.641642e-02	1.878157e-01	-1.213993e-01	1.546075e-01	-1.521519e-02	1.024317e-02	1.750713e-02	1.899673e-02	-1.489606e-03
166           	4.144314e-01	1.921259e-01	2.223055e-01	6.633459e-02	1.877270e-01	-1.213924e-01	1.545597e-01	-1.508976e-02	1.018633e-02	1.733619e-02	1.885442e-02	-1.518236e-03
167           	4.144853e-01	1.923195e-01	2.221658e-01	6.629506e-02	1.877067e-01	-1.214116e-01	1.545591e-01	-1.492313e-02	1.016176e-02	1.707426e-02	1.869890e-02	-1.624631e-03
168           	4.143494e-01	1.924000e-01	2.219494e-01	6.619595e-02	1.875981e-01	-1.214022e-01	1.545001e-01	-1.477466e-02	1.010391e-02	1.685421e-02	1.853102e-02	-1.676811e-03
169           	4.144655e-01	1.925918e-01	2.218737e-01	6.621033e-02	1.876267e-01	-1.214164e-01	1.545215e-01	-1.464094e-02	1.006380e-02	1.665649e-02	1.839204e-02	-1.735556e-03
170           	4.142735e-01	1.927073e-01	2.215662e-01	6.605199e-02	1.874734e-01	-1.214214e-01	1.544474e-01	-1.442947e-02	9.995952e-03	1.629676e-02	1.814433e-02	-1.847573e-03
171           	4.143194e-01	1.928326e-01	2.214868e-01	6.604437e-02	1.874674e-01	-1.214230e-01	1.544452e-01	-1.432706e-02	9.941857e-03	1.616689e-02	1.802530e-02	-1.858413e-03
172           	4.141247e-01	1.928864e-01	2.212383e-01	6.589785e-02	1.873113e-01	-1.214134e-01	1.543624e-01	-1.417597e-02	9.822588e-03	1.596131e-02	1.780324e-02	-1.841932e-03
173           	4.141961e-01	1.929938e-01	2.212023e-01	6.589370e-02	1.873194e-01	-1.214257e-01	1.543725e-01	-1.410425e-02	9.750106e-03	1.589959e-02	1.769990e-02	-1.800309e-03
174           	4.140622e-01	1.930382e-01	2.210240e-01	6.577146e-02	1.872072e-01	-1.214358e-01	1.543215e-01	-1.399293e-02	9.604387e-03	1.579898e-02	1.750388e-02	-1.704896e-03
175           	4.141371e-01	1.931366e-01	2.210005e-01	6.582727e-02	1.872655e-01	-1.214382e-01	1.543519e-01	-1.393193e-02	9.500395e-03	1.578192e-02	1.739136e-02	-1.609434e-03
176           	4.140987e-01	1.932462e-01	2.208525e-01	6.580640e-02	1.872523e-01	-1.214459e-01	1.543491e-01	-1.380316e-02	9.355407e-03	1.564495e-02	1.717788e-02	-1.532932e-03
177           	4.142224e-01	1.933734e-01	2.208491e-01	6.590410e-02	1.873625e-01	-1.214584e-01	1.544104e-01	-1.373786e-02	9.240041e-03	1.560962e-02	1.704485e-02	-1.435229e-03
178           	4.142185e-01	1.934991e-01	2.207194e-01	6.595015e-02	1.873968e-01	-1.214467e-01	1.544217e-01	-1.361018e-02	9.086943e-03	1.545549e-02	1.681469e-02	-1.359199e-03
179           	4.143533e-01	1.936392e-01	2.207141e-01	6.605805e-02	1.875075e-01	-1.214495e-01	1.544785e-01	-1.353746e-02	8.987916e-03	1.537870e-02	1.667727e-02	-1.298567e-03
180           	4.143833e-01	1.937805e-01	2.206028e-01	6.612846e-02	1.875723e-01	-1.214439e-01	1.545081e-01	-1.341116e-02	8.853003e-03	1.520367e-02	1.645484e-02	-1.251169e-03
181           	4.145126e-01	1.938919e-01	2.206206e-01	6.624275e-02	1.876849e-01	-1.214421e-01	1.545635e-01	-1.336435e-02	8.768463e-03	1.516254e-02	1.634973e-02	-1.187196e-03
182           	4.145315e-01	1.940103e-01	2.205212e-01	6.631541e-02	1.877437e-01	-1.214283e-01	1.545860e-01	-1.325549e-02	8.682928e-03	1.499864e-02	1.618225e-02	-1.183610e-03
183           	4.146162e-01	1.940542e-01	2.205620e-01	6.641419e-02	1.878371e-01	-1.214229e-01	1.546300e-01	-1.325388e-02	8.624932e-03	1.502568e-02	1.613777e-02	-1.112091e-03
184           	4.145728e-01	1.940593e-01	2.205135e-01	6.647861e-02	1.878769e-01	-1.213982e-01	1.546376e-01	-1.322708e-02	8.550819e-03	1.502236e-02	1.606200e-02	-1.039638e-03
185           	4.145999e-01	1.940186e-01	2.205814e-01	6.658382e-02	1.879594e-01	-1.213756e-01	1.546675e-01	-1.328139e-02	8.478204e-03	1.518532e-02	1.607087e-02	-8.855422e-04
186           	4.144525e-01	1.938559e-01	2.205967e-01	6.660076e-02	1.879407e-01	-1.213399e-01	1.546403e-01	-1.337041e-02	8.354846e-03	1.544704e-02	1.607837e-02	-6.313256e-04
187           	4.144317e-01	1.937254e-01	2.207063e-01	6.675125e-02	1.880412e-01	-1.212900e-01	1.546656e-01	-1.349050e-02	8.193237e-03	1.583284e-02	1.610966e-02	-2.768175e-04
188           	4.143025e-01	1.935116e-01	2.207909e-01	6.679929e-02	1.880578e-01	-1.212585e-01	1.546582e-01	-1.363969e-02	7.982325e-03	1.630511e-02	1.613488e-02	1.702293e-04
189           	4.142807e-01	1.933106e-01	2.209701e-01	6.694015e-02	1.881517e-01	-1.212116e-01	1.546817e-01	-1.382976e-02	7.715773e-03	1.692268e-02	1.617711e-02	7.455673e-04
190           	4.141603e-01	1.930442e-01	2.211161e-01	6.701080e-02	1.881867e-01	-1.211759e-01	1.546813e-01	-1.403592e-02	7.418504e-03	1.756602e-02	1.620151e-02	1.364506e-03
191           	4.141644e-01	1.928242e-01	2.213402e-01	6.715819e-02	1.882895e-01	-1.211313e-01	1.547104e-01	-1.425799e-02	7.091268e-03	1.827584e-02	1.622919e-02	2.046651e-03
192           	4.140901e-01	1.925542e-01	2.215359e-01	6.723955e-02	1.883433e-01	-1.211038e-01	1.547236e-01	-1.449080e-02	6.724286e-03	1.899989e-02	1.622423e-02	2.775657e-03
193           	4.141293e-01	1.923391e-01	2.217902e-01	6.737408e-02	1.884273e-01	-1.210533e-01	1.547403e-01	-1.472557e-02	6.316815e-03	1.978459e-02	1.620911e-02	3.575479e-03
194           	4.140145e-01	1.920766e-01	2.219378e-01	6.755535e-02	1.885531e-01	-1.209977e-01	1.547754e-01	-1.493061e-02	5.912057e-03	2.049151e-02	1.615781e-02	4.333699e-03
195           	4.140385e-01	1.918717e-01	2.221667e-01	6.782189e-02	1.887617e-01	-1.209398e-01	1.548507e-01	-1.514751e-02	5.465016e-03	2.126497e-02	1.609750e-02	5.167468e-03
196           	4.139110e-01	1.916335e-01	2.222775e-01	6.803895e-02	1.889157e-01	-1.208768e-01	1.548962e-01	-1.532200e-02	5.026587e-03	2.193224e-02	1.599271e-02	5.939532e-03
197           	4.138818e-01	1.914991e-01	2.223827e-01	6.837250e-02	1.891707e-01	-1.207982e-01	1.549844e-01	-1.544180e-02	4.643337e-03	2.244573e-02	1.586620e-02	6.579528e-03
198           	4.136957e-01	1.913193e-01	2.223764e-01	6.862235e-02	1.893507e-01	-1.207283e-01	1.550395e-01	-1.552854e-02	4.286665e-03	2.283169e-02	1.570251e-02	7.129180e-03
199           	4.135932e-01	1.911906e-01	2.224026e-01	6.900435e-02	1.896534e-01	-1.206490e-01	1.551512e-01	-1.560598e-02	3.964664e-03	2.315502e-02	1.554217e-02	7.612845e-03
200           	4.133376e-01	1.910041e-01	2.223335e-01	6.926286e-02	1.898487e-01	-1.205858e-01	1.552172e-01	-1.566473e-02	3.706024e-03	2.334704e-02	1.537954e-02	7.967495e-03
201           	4.131790e-01	1.908856e-01	2.222934e-01	6.957147e-02	1.900940e-01	-1.205225e-01	1.553082e-01	-1.570390e-02	3.536523e-03	2.338544e-02	1.522924e-02	8.156197e-03
202           	4.128926e-01	1.907573e-01	2.221353e-01	6.972816e-02	1.902070e-01	-1.204789e-01	1.553430e-01	-1.568900e-02	3.492405e-03	2.316935e-02	1.507708e-02	8.092271e-03
203           	4.127128e-01	1.907105e-01	2.220023e-01	6.981738e-02	1.902743e-01	-1.204569e-01	1.553656e-01	-1.564593e-02	3.558615e-03	2.278165e-02	1.494944e-02	7.832211e-03
204           	4.124380e-01	1.906504e-01	2.217875e-01	6.972125e-02	1.902019e-01	-1.204807e-01	1.553413e-01	-1.556854e-02	3.682494e-03	2.227035e-02	1.481767e-02	7.452682e-03
205           	4.123614e-01	1.906900e-01	2.216713e-01	6.962813e-02	1.901639e-01	-1.205358e-01	1.553499e-01	-1.549066e-02	3.807241e-03	2.182132e-02	1.471790e-02	7.103420e-03
206           	4.122656e-01	1.907134e-01	2.215521e-01	6.947365e-02	1.901260e-01	-1.206523e-01	1.553892e-01	-1.541934e-02	3.862602e-03	2.150660e-02	1.461590e-02	6.890698e-03
207           	4.123300e-01	1.908223e-01	2.215077e-01	6.945528e-02	1.902208e-01	-1.207655e-01	1.554932e-01	-1.534270e-02	3.853239e-03	2.133870e-02	1.452259e-02	6.816110e-03
208           	4.122956e-01	1.909107e-01	2.213848e-01	6.951614e-02	1.903722e-01	-1.208561e-01	1.556141e-01	-1.523705e-02	3.789259e-03	2.117156e-02	1.437504e-02	6.796518e-03
209           	4.123708e-01	1.911122e-01	2.212586e-01	6.975513e-02	1.906426e-01	-1.208874e-01	1.557650e-01	-1.507317e-02	3.742065e-03	2.084198e-02	1.416306e-02	6.678925e-03
210           	4.123209e-01	1.913185e-01	2.210024e-01	6.997785e-02	1.908743e-01	-1.208965e-01	1.558854e-01	-1.484190e-02	3.705471e-03	2.027544e-02	1.384319e-02	6.432247e-03
211           	4.124974e-01	1.916830e-01	2.208144e-01	7.018530e-02	1.910768e-01	-1.208915e-01	1.559841e-01	-1.456574e-02	3.694015e-03	1.954691e-02	1.346747e-02	6.079443e-03
212           	4.125151e-01	1.920174e-01	2.204977e-01	7.033446e-02	1.912372e-01	-1.209027e-01	1.560699e-01	-1.424017e-02	3.651934e-03	1.865902e-02	1.298144e-02	5.677575e-03
213           	4.126572e-01	1.924542e-01	2.202030e-01	7.042940e-02	1.913590e-01	-1.209296e-01	1.561443e-01	-1.387439e-02	3.609586e-03	1.769244e-02	1.245581e-02	5.236636e-03
214           	4.126778e-01	1.928280e-01	2.198498e-01	7.033868e-02	1.913227e-01	-1.209841e-01	1.561534e-01	-1.351093e-02	3.501916e-03	1.675197e-02	1.187790e-02	4.874068e-03
215           	4.127267e-01	1.931962e-01	2.195305e-01	7.028444e-02	1.913133e-01	-1.210288e-01	1.561711e-01	-1.316714e-02	3.391690e-03	1.589943e-02	1.134141e-02	4.558025e-03
216           	4.126812e-01	1.934774e-01	2.192038e-01	7.011516e-02	1.912162e-01	-1.211011e-01	1.561586e-01	-1.286318e-02	3.243231e-03	1.517006e-02	1.082826e-02	4.341798e-03
217           	4.127153e-01	1.937300e-01	2.189853e-01	7.011984e-02	1.912756e-01	-1.211557e-01	1.562157e-01	-1.262763e-02	3.109286e-03	1.464448e-02	1.043153e-02	4.212953e-03
218           	4.126503e-01	1.938876e-01	2.187627e-01	6.998354e-02	1.912335e-01	-1.212500e-01	1.562418e-01	-1.243752e-02	2.965841e-03	1.428229e-02	1.010698e-02	4.175302e-03
219           	4.126387e-01	1.940319e-01	2.186068e-01	6.997032e-02	1.912824e-01	-1.213121e-01	1.562972e-01	-1.228747e-02	2.842491e-03	1.406903e-02	9.877007e-03	4.192024e-03
220           	4.125227e-01	1.941099e-01	2.184127e-01	6.987387e-02	1.912533e-01	-1.213794e-01	1.563163e-01	-1.215141e-02	2.733517e-03	1.394482e-02	9.705928e-03	4.238895e-03
221           	4.124604e-01	1.942246e-01	2.182358e-01	6.988935e-02	1.912925e-01	-1.214032e-01	1.563479e-01	-1.200558e-02	2.667695e-03	1.383275e-02	9.584071e-03	4.248682e-03
222           	4.122915e-01	1.942935e-01	2.179980e-01	6.978991e-02	1.912071e-01	-1.214172e-01	1.563122e-01	-1.185223e-02	2.589890e-03	1.372343e-02	9.451607e-03	4.271827e-03
223           	4.121977e-01	1.944205e-01	2.177772e-01	6.987420e-02	1.912278e-01	-1.213536e-01	1.562907e-01	-1.167835e-02	2.521401e-03	1.357421e-02	9.308507e-03	4.265705e-03
224           	4.120240e-01	1.945007e-01	2.175233e-01	6.988861e-02	1.911668e-01	-1.212782e-01	1.562225e-01	-1.151127e-02	2.429262e-03	1.343744e-02	9.147982e-03	4.289458e-03
225           	4.119856e-01	1.946275e-01	2.173582e-01	7.003001e-02	1.912081e-01	-1.211781e-01	1.561931e-01	-1.136536e-02	2.355521e-03	1.331745e-02	9.014244e-03	4.303202e-03
226           	4.117832e-01	1.946966e-01	2.170866e-01	7.021043e-02	1.912243e-01	-1.210138e-01	1.561191e-01	-1.119497e-02	2.232932e-03	1.315669e-02	8.811274e-03	4.345411e-03
227           	4.118245e-01	1.948379e-01	2.169867e-01	7.040354e-02	1.913073e-01	-1.209037e-01	1.561055e-01	-1.107440e-02	2.154955e-03	1.305672e-02	8.683315e-03	4.373405e-03
228           	4.116774e-01	1.948822e-01	2.167953e-01	7.055574e-02	1.913044e-01	-1.207486e-01	1.560265e-01	-1.095656e-02	2.049557e-03	1.294856e-02	8.523839e-03	4.424725e-03
229           	4.116711e-01	1.949989e-01	2.166722e-01	7.079125e-02	1.913893e-01	-1.205981e-01	1.559937e-01	-1.083667e-02	1.963284e-03	1.282761e-02	8.377090e-03	4.450521e-03
230           	4.115568e-01	1.950300e-01	2.165268e-01	7.092272e-02	1.913802e-01	-1.204575e-01	1.559189e-01	-1.074838e-02	1.867995e-03	1.276878e-02	8.252385e-03	4.516395e-03
231           	4.116080e-01	1.951359e-01	2.164722e-01	7.109897e-02	1.914534e-01	-1.203545e-01	1.559039e-01	-1.066815e-02	1.805653e-03	1.272590e-02	8.168605e-03	4.557299e-03
232           	4.114767e-01	1.951354e-01	2.163414e-01	7.115432e-02	1.914033e-01	-1.202489e-01	1.558261e-01	-1.060301e-02	1.735584e-03	1.269240e-02	8.081783e-03	4.610614e-03
233           	4.114649e-01	1.951967e-01	2.162682e-01	7.124085e-02	1.914140e-01	-1.201731e-01	1.557936e-01	-1.053574e-02	1.698037e-03	1.264800e-02	8.022037e-03	4.625964e-03
234           	4.113403e-01	1.951929e-01	2.161475e-01	7.120283e-02	1.913213e-01	-1.201185e-01	1.557199e-01	-1.047731e-02	1.664005e-03	1.260703e-02	7.967518e-03	4.639509e-03
235           	4.113354e-01	1.952411e-01	2.160943e-01	7.123468e-02	1.913167e-01	-1.200820e-01	1.556994e-01	-1.042663e-02	1.652034e-03	1.257844e-02	7.941254e-03	4.637186e-03
236           	4.111932e-01	1.952139e-01	2.159794e-01	7.113799e-02	1.911961e-01	-1.200581e-01	1.556271e-01	-1.038275e-02	1.640947e-03	1.255049e-02	7.916192e-03	4.634297e-03
237           	4.111313e-01	1.952293e-01	2.159020e-01	7.111017e-02	1.911447e-01	-1.200345e-01	1.555896e-01	-1.033638e-02	1.652077e-03	1.251421e-02	7.909179e-03	4.605026e-03
238           	4.109830e-01	1.952045e-01	2.157785e-01	7.099162e-02	1.910131e-01	-1.200215e-01	1.555173e-01	-1.028700e-02	1.651504e-03	1.246791e-02	7.885461e-03	4.582453e-03
239           	4.109189e-01	1.952146e-01	2.157043e-01	7.097198e-02	1.909673e-01	-1.199953e-01	1.554813e-01	-1.024482e-02	1.656295e-03	1.245007e-02	7.881331e-03	4.568741e-03
240           	4.107476e-01	1.951729e-01	2.155747e-01	7.083865e-02	1.908163e-01	-1.199776e-01	1.553969e-01	-1.020089e-02	1.642362e-03	1.242259e-02	7.853658e-03	4.568934e-03
241           	4.106978e-01	1.951920e-01	2.155058e-01	7.082203e-02	1.907808e-01	-1.199588e-01	1.553698e-01	-1.015691e-02	1.633668e-03	1.240869e-02	7.838014e-03	4.570678e-03
242           	4.105332e-01	1.951607e-01	2.153725e-01	7.067525e-02	1.906195e-01	-1.199442e-01	1.552819e-01	-1.010588e-02	1.592271e-03	1.238133e-02	7.782935e-03	4.598392e-03
243           	4.105003e-01	1.951986e-01	2.153017e-01	7.067978e-02	1.906127e-01	-1.199329e-01	1.552728e-01	-1.005155e-02	1.563316e-03	1.235302e-02	7.739827e-03	4.613196e-03
244           	4.103537e-01	1.951741e-01	2.151796e-01	7.060518e-02	1.905412e-01	-1.199360e-01	1.552386e-01	-1.000272e-02	1.514626e-03	1.232855e-02	7.678898e-03	4.649647e-03
245           	4.103417e-01	1.952247e-01	2.151170e-01	7.061043e-02	1.905665e-01	-1.199561e-01	1.552613e-01	-9.946128e-03	1.482302e-03	1.229367e-02	7.629139e-03	4.664536e-03
246           	4.102071e-01	1.951969e-01	2.150102e-01	7.052986e-02	1.905139e-01	-1.199841e-01	1.552490e-01	-9.906669e-03	1.417393e-03	1.230177e-02	7.568279e-03	4.733494e-03
247           	4.102331e-01	1.952447e-01	2.149885e-01	7.056900e-02	1.906016e-01	-1.200326e-01	1.553171e-01	-9.871894e-03	1.367528e-03	1.233192e-02	7.533490e-03	4.798434e-03
248           	4.101401e-01	1.952167e-01	2.149234e-01	7.048407e-02	1.905810e-01	-1.200969e-01	1.553389e-01	-9.853322e-03	1.289915e-03	1.238752e-02	7.483677e-03	4.903847e-03
249           	4.101776e-01	1.952639e-01	2.149137e-01	7.049425e-02	1.906499e-01	-1.201557e-01	1.554028e-01	-9.824874e-03	1.241229e-03	1.243064e-02	7.456548e-03	4.974091e-03
250           	4.100925e-01	1.952216e-01	2.148709e-01	7.042802e-02	1.906545e-01	-1.202264e-01	1.554405e-01	-9.824616e-03	1.161620e-03	1.253075e-02	7.426997e-03	5.103756e-03
251           	4.101725e-01	1.952585e-01	2.149140e-01	7.042990e-02	1.907485e-01	-1.203186e-01	1.555336e-01	-9.827758e-03	1.110773e-03	1.265041e-02	7.435980e-03	5.214434e-03
252           	4.101124e-01	1.951948e-01	2.149175e-01	7.031028e-02	1.907223e-01	-1.204120e-01	1.555672e-01	-9.861345e-03	1.039512e-03	1.282456e-02	7.451791e-03	5.372767e-03
253           	4.101897e-01	1.951900e-01	2.149997e-01	7.030329e-02	1.908094e-01	-1.205061e-01	1.556578e-01	-9.904857e-03	9.909428e-04	1.303373e-02	7.507807e-03	5.525921e-03
254           	4.101451e-01	1.951015e-01	2.150436e-01	7.020138e-02	1.908054e-01	-1.206041e-01	1.557047e-01	-9.971025e-03	9.181124e-04	1.327905e-02	7.557637e-03	5.721412e-03
255           	4.102524e-01	1.950781e-01	2.151743e-01	7.019014e-02	1.908893e-01	-1.206991e-01	1.557942e-01	-1.004813e-02	8.671619e-04	1.356139e-02	7.647858e-03	5.913534e-03
256           	4.102247e-01	1.949653e-01	2.152594e-01	7.008386e-02	1.908775e-01	-1.207936e-01	1.558355e-01	-1.014706e-02	7.977780e-04	1.386996e-02	7.732760e-03	6.137204e-03
257           	4.103348e-01	1.949285e-01	2.154063e-01	7.009584e-02	1.909793e-01	-1.208834e-01	1.559314e-01	-1.023888e-02	7.506330e-04	1.415945e-02	7.830359e-03	6.329093e-03
258           	4.103219e-01	1.947989e-01	2.155230e-01	6.997491e-02	1.909632e-01	-1.209883e-01	1.559757e-01	-1.036205e-02	6.711717e-04	1.450247e-02	7.922408e-03	6.580064e-03
259           	4.104635e-01	1.947425e-01	2.157210e-01	6.998313e-02	1.910716e-01	-1.210884e-01	1.560800e-01	-1.048923e-02	6.057424e-04	1.485616e-02	8.033820e-03	6.822335e-03
260           	4.104767e-01	1.946195e-01	2.158572e-01	6.990119e-02	1.910944e-01	-1.211933e-01	1.561438e-01	-1.061882e-02	5.381071e-04	1.517947e-02	8.127843e-03	7.051629e-03
261           	4.106002e-01	1.945610e-01	2.160392e-01	6.991830e-02	1.912196e-01	-1.213013e-01	1.562605e-01	-1.073912e-02	4.996124e-04	1.545797e-02	8.228599e-03	7.229374e-03
262           	4.106081e-01	1.944368e-01	2.161713e-01	6.982885e-02	1.912550e-01	-1.214262e-01	1.563406e-01	-1.086724e-02	4.629455e-04	1.571474e-02	8.320315e-03	7.394424e-03
263           	4.107352e-01	1.943538e-01	2.163814e-01	6.982417e-02	1.913902e-01	-1.215661e-01	1.564781e-01	-1.101377e-02	4.488845e-04	1.598651e-02	8.442140e-03	7.544371e-03
264           	4.107413e-01	1.942166e-01	2.165247e-01	6.976401e-02	1.914446e-01	-1.216806e-01	1.565626e-01	-1.115406e-02	4.410336e-04	1.620540e-02	8.543734e-03	7.661667e-03
265           	4.108703e-01	1.941361e-01	2.167342e-01	6.977601e-02	1.915908e-01	-1.218148e-01	1.567028e-01	-1.129909e-02	4.759357e-04	1.641196e-02	8.681914e-03	7.730043e-03
266           	4.108976e-01	1.940053e-01	2.168922e-01	6.969943e-02	1.916467e-01	-1.219473e-01	1.567970e-01	-1.144345e-02	5.003380e-04	1.660322e-02	8.801948e-03	7.801272e-03
267           	4.110650e-01	1.939453e-01	2.171197e-01	6.968187e-02	1.917939e-01	-1.221121e-01	1.569530e-01	-1.158725e-02	5.770637e-04	1.675579e-02	8.954958e-03	7.800830e-03
268           	4.111419e-01	1.938662e-01	2.172756e-01	6.958605e-02	1.918516e-01	-1.222656e-01	1.570586e-01	-1.170472e-02	6.405502e-04	1.684800e-02	9.064550e-03	7.783450e-03
269           	4.113951e-01	1.938801e-01	2.175150e-01	6.952103e-02	1.919731e-01	-1.224521e-01	1.572126e-01	-1.181744e-02	7.608738e-04	1.688384e-02	9.202796e-03	7.681049e-03
270           	4.114259e-01	1.938162e-01	2.176097e-01	6.939675e-02	1.919615e-01	-1.225648e-01	1.572631e-01	-1.189674e-02	8.495475e-04	1.687878e-02	9.288940e-03	7.589845e-03
271           	4.116130e-01	1.938513e-01	2.177616e-01	6.939523e-02	1.920764e-01	-1.226811e-01	1.573788e-01	-1.195513e-02	9.798233e-04	1.682839e-02	9.394019e-03	7.434373e-03
272           	4.116576e-01	1.938266e-01	2.178310e-01	6.927799e-02	1.920658e-01	-1.227878e-01	1.574268e-01	-1.200220e-02	1.101886e-03	1.675289e-02	9.478330e-03	7.274558e-03
273           	4.117916e-01	1.938735e-01	2.179181e-01	6.925551e-02	1.921166e-01	-1.228611e-01	1.574889e-01	-1.202228e-02	1.241008e-03	1.665223e-02	9.567121e-03	7.085105e-03
274           	4.117688e-01	1.938344e-01	2.179344e-01	6.916265e-02	1.920760e-01	-1.229133e-01	1.574946e-01	-1.205001e-02	1.348202e-03	1.657721e-02	9.636807e-03	6.940404e-03
275           	4.118447e-01	1.938656e-01	2.179790e-01	6.916658e-02	1.921166e-01	-1.229500e-01	1.575333e-01	-1.205670e-02	1.471427e-03	1.648141e-02	9.712131e-03	6.769277e-03
276           	4.117468e-01	1.938126e-01	2.179342e-01	6.904131e-02	1.920116e-01	-1.229703e-01	1.574909e-01	-1.206082e-02	1.586083e-03	1.635990e-02	9.766035e-03	6.593869e-03
277           	4.117687e-01	1.938278e-01	2.179408e-01	6.903470e-02	1.920028e-01	-1.229681e-01	1.574855e-01	-1.205651e-02	1.687232e-03	1.626953e-02	9.821999e-03	6.447536e-03
278           	4.116061e-01	1.937518e-01	2.178543e-01	6.890771e-02	1.918763e-01	-1.229686e-01	1.574224e-01	-1.205126e-02	1.781078e-03	1.615773e-02	9.859941e-03	6.297785e-03
279           	4.116508e-01	1.937830e-01	2.178678e-01	6.888225e-02	1.918680e-01	-1.229857e-01	1.574269e-01	-1.204237e-02	1.865892e-03	1.607816e-02	9.904970e-03	6.173185e-03
280           	4.115130e-01	1.937169e-01	2.177961e-01	6.871848e-02	1.917129e-01	-1.229944e-01	1.573536e-01	-1.203962e-02	1.953487e-03	1.599090e-02	9.948937e-03	6.041962e-03
281           	4.115829e-01	1.937586e-01	2.178243e-01	6.869880e-02	1.917159e-01	-1.230171e-01	1.573665e-01	-1.203289e-02	2.035031e-03	1.593358e-02	1.000182e-02	5.931762e-03
282           	4.114626e-01	1.936847e-01	2.177779e-01	6.852201e-02	1.915422e-01	-1.230202e-01	1.572812e-01	-1.204662e-02	2.120584e-03	1.591512e-02	1.007815e-02	5.836977e-03
283           	4.115487e-01	1.937491e-01	2.177996e-01	6.854175e-02	1.915814e-01	-1.230397e-01	1.573106e-01	-1.202524e-02	2.213117e-03	1.585462e-02	1.014043e-02	5.714193e-03
284           	4.114712e-01	1.936883e-01	2.177828e-01	6.839232e-02	1.914280e-01	-1.230357e-01	1.572318e-01	-1.204726e-02	2.301664e-03	1.588062e-02	1.024197e-02	5.638646e-03
285           	4.115763e-01	1.937719e-01	2.178044e-01	6.840693e-02	1.914657e-01	-1.230588e-01	1.572622e-01	-1.201629e-02	2.396357e-03	1.582830e-02	1.031051e-02	5.517795e-03
286           	4.115132e-01	1.937209e-01	2.177923e-01	6.831120e-02	1.913663e-01	-1.230551e-01	1.572107e-01	-1.203569e-02	2.479430e-03	1.586737e-02	1.041311e-02	5.454254e-03
287           	4.116171e-01	1.937828e-01	2.178343e-01	6.834519e-02	1.914017e-01	-1.230565e-01	1.572291e-01	-1.202577e-02	2.559500e-03	1.586728e-02	1.049314e-02	5.374142e-03
288           	4.115862e-01	1.937636e-01	2.178226e-01	6.830804e-02	1.913710e-01	-1.230629e-01	1.572170e-01	-1.202946e-02	2.609089e-03	1.587444e-02	1.054631e-02	5.328130e-03
289           	4.116921e-01	1.938284e-01	2.178637e-01	6.833968e-02	1.914201e-01	-1.230804e-01	1.572503e-01	-1.201765e-02	2.664155e-03	1.586549e-02	1.059690e-02	5.268588e-03
290           	4.116309e-01	1.937893e-01	2.178416e-01	6.826904e-02	1.913508e-01	-1.230817e-01	1.572163e-01	-1.202614e-02	2.684973e-03	1.588353e-02	1.062674e-02	5.256791e-03
291           	4.117384e-01	1.938222e-01	2.179162e-01	6.831552e-02	1.914200e-01	-1.231045e-01	1.572623e-01	-1.204701e-02	2.695213e-03	1.594669e-02	1.066856e-02	5.278134e-03
292           	4.117244e-01	1.937856e-01	2.179388e-01	6.825307e-02	1.913907e-01	-1.231377e-01	1.572642e-01	-1.207657e-02	2.688041e-03	1.600428e-02	1.069018e-02	5.314100e-03
293           	4.118467e-01	1.937884e-01	2.180583e-01	6.826208e-02	1.914454e-01	-1.231833e-01	1.573144e-01	-1.213493e-02	2.668286e-03	1.614533e-02	1.074095e-02	5.404380e-03
294           	4.118165e-01	1.937066e-01	2.181099e-01	6.816688e-02	1.913876e-01	-1.232208e-01	1.573042e-01	-1.220161e-02	2.637152e-03	1.628671e-02	1.078051e-02	5.506203e-03
295           	4.119370e-01	1.936835e-01	2.182535e-01	6.818719e-02	1.914630e-01	-1.232758e-01	1.573694e-01	-1.228502e-02	2.612143e-03	1.648266e-02	1.085347e-02	5.629185e-03
296           	4.119500e-01	1.935933e-01	2.183567e-01	6.810404e-02	1.914496e-01	-1.233456e-01	1.573976e-01	-1.238172e-02	2.584989e-03	1.668195e-02	1.092596e-02	5.755986e-03
297           	4.120630e-01	1.935471e-01	2.185159e-01	6.810177e-02	1.915104e-01	-1.234087e-01	1.574595e-01	-1.248438e-02	2.574831e-03	1.690989e-02	1.102977e-02	5.880113e-03
298           	4.120677e-01	1.934275e-01	2.186402e-01	6.803132e-02	1.915114e-01	-1.234801e-01	1.574958e-01	-1.260631e-02	2.552963e-03	1.715716e-02	1.113154e-02	6.025617e-03
299           	4.122002e-01	1.933713e-01	2.188289e-01	6.808077e-02	1.916323e-01	-1.235516e-01	1.575920e-01	-1.272878e-02	2.548292e-03	1.742034e-02	1.125846e-02	6.161879e-03
300           	4.122089e-01	1.932576e-01	2.189513e-01	6.802717e-02	1.916512e-01	-1.236240e-01	1.576376e-01	-1.284686e-02	2.548869e-03	1.764698e-02	1.137236e-02	6.274618e-03
301           	4.123348e-01	1.932002e-01	2.191346e-01	6.810504e-02	1.917954e-01	-1.236904e-01	1.577429e-01	-1.296718e-02	2.560608e-03	1.788505e-02	1.150313e-02	6.381919e-03
302           	4.123422e-01	1.930891e-01	2.192531e-01	6.811375e-02	1.918697e-01	-1.237560e-01	1.578128e-01	-1.308204e-02	2.564060e-03	1.808729e-02	1.160770e-02	6.479584e-03
303           	4.124834e-01	1.930468e-01	2.194366e-01	6.821585e-02	1.920357e-01	-1.238198e-01	1.579278e-01	-1.319487e-02	2.569712e-03	1.829340e-02	1.171641e-02	6.576990e-03
304           	4.124780e-01	1.929512e-01	2.195268e-01	6.826777e-02	1.921197e-01	-1.238520e-01	1.579858e-01	-1.328784e-02	2.575101e-03	1.843212e-02	1.179116e-02	6.640958e-03
305           	4.125944e-01	1.929212e-01	2.196732e-01	6.845538e-02	1.923259e-01	-1.238705e-01	1.580982e-01	-1.337600e-02	2.583301e-03	1.857123e-02	1.186891e-02	6.702312e-03
306           	4.125828e-01	1.928369e-01	2.197459e-01	6.854375e-02	1.924256e-01	-1.238819e-01	1.581538e-01	-1.345451e-02	2.582321e-03	1.867420e-02	1.191942e-02	6.754777e-03
307           	4.127206e-01	1.928239e-01	2.198967e-01	6.875770e-02	1.926525e-01	-1.238948e-01	1.582737e-01	-1.353642e-02	2.586543e-03	1.880841e-02	1.199075e-02	6.817663e-03
308           	4.127112e-01	1.927461e-01	2.199651e-01	6.887527e-02	1.927652e-01	-1.238899e-01	1.583275e-01	-1.360949e-02	2.594380e-03	1.890563e-02	1.204719e-02	6.858435e-03
309           	4.128493e-01	1.927220e-01	2.201273e-01	6.909158e-02	1.929920e-01	-1.239004e-01	1.584462e-01	-1.370262e-02	2.613637e-03	1.907446e-02	1.215087e-02	6.923592e-03
310           	4.128513e-01	1.926330e-01	2.202182e-01	6.921313e-02	1.931274e-01	-1.239143e-01	1.585208e-01	-1.379261e-02	2.629374e-03	1.923415e-02	1.224645e-02	6.987702e-03
311           	4.130104e-01	1.926071e-01	2.204033e-01	6.940643e-02	1.933499e-01	-1.239434e-01	1.586466e-01	-1.389808e-02	2.659226e-03	1.945155e-02	1.238500e-02	7.066548e-03
312           	4.130188e-01	1.925145e-01	2.205043e-01	6.950205e-02	1.934662e-01	-1.239642e-01	1.587152e-01	-1.399489e-02	2.686974e-03	1.964051e-02	1.250723e-02	7.133281e-03
313           	4.131757e-01	1.924885e-01	2.206871e-01	6.966245e-02	1.936748e-01	-1.240124e-01	1.588436e-01	-1.409929e-02	2.728126e-03	1.987371e-02	1.266498e-02	7.208727e-03
314           	4.131560e-01	1.923893e-01	2.207667e-01	6.975170e-02	1.937728e-01	-1.240211e-01	1.588970e-01	-1.418870e-02	2.751746e-03	2.007333e-02	1.278841e-02	7.284918e-03
315           	4.132499e-01	1.923380e-01	2.209119e-01	6.991319e-02	1.939465e-01	-1.240333e-01	1.589899e-01	-1.428696e-02	2.777601e-03	2.031821e-02	1.293671e-02	7.381505e-03
316           	4.132065e-01	1.922223e-01	2.209843e-01	7.000203e-02	1.940345e-01	-1.240325e-01	1.590335e-01	-1.438101e-02	2.788151e-03	2.053414e-02	1.305522e-02	7.478919e-03
317           	4.132644e-01	1.921649e-01	2.210995e-01	7.011471e-02	1.941492e-01	-1.240345e-01	1.590919e-01	-1.446731e-02	2.795543e-03	2.075021e-02	1.317065e-02	7.579563e-03
318           	4.131410e-01	1.920059e-01	2.211352e-01	7.013716e-02	1.941141e-01	-1.239770e-01	1.590456e-01	-1.456467e-02	2.779842e-03	2.099278e-02	1.327623e-02	7.716550e-03
319           	4.131879e-01	1.919678e-01	2.212201e-01	7.024677e-02	1.942054e-01	-1.239586e-01	1.590820e-01	-1.462617e-02	2.773316e-03	2.117023e-02	1.335843e-02	7.811796e-03
320           	4.130905e-01	1.918634e-01	2.212271e-01	7.034068e-02	1.942408e-01	-1.239002e-01	1.590705e-01	-1.468185e-02	2.774330e-03	2.131291e-02	1.343079e-02	7.882125e-03
321           	4.131689e-01	1.918807e-01	2.212882e-01	7.045573e-02	1.943459e-01	-1.238902e-01	1.591180e-01	-1.470372e-02	2.791992e-03	2.139211e-02	1.348805e-02	7.904063e-03
322           	4.131123e-01	1.917933e-01	2.213190e-01	7.046612e-02	1.943219e-01	-1.238557e-01	1.590888e-01	-1.476282e-02	2.785369e-03	2.154216e-02	1.355645e-02	7.985709e-03
323           	4.132126e-01	1.918217e-01	2.213909e-01	7.056368e-02	1.944192e-01	-1.238555e-01	1.591373e-01	-1.478463e-02	2.802171e-03	2.161268e-02	1.360851e-02	8.004171e-03
324           	4.131448e-01	1.917178e-01	2.214270e-01	7.055684e-02	1.943815e-01	-1.238246e-01	1.591031e-01	-1.485457e-02	2.813046e-03	2.177086e-02	1.369848e-02	8.072386e-03
325           	4.132655e-01	1.917439e-01	2.215216e-01	7.061549e-02	1.944613e-01	-1.238459e-01	1.591536e-01	-1.488889e-02	2.829872e-03	2.187097e-02	1.376536e-02	8.105614e-03
326           	4.131867e-01	1.916147e-01	2.215720e-01	7.053162e-02	1.943747e-01	-1.238431e-01	1.591089e-01	-1.497865e-02	2.821758e-03	2.207324e-02	1.385838e-02	8.214861e-03
327           	4.132938e-01	1.916527e-01	2.216411e-01	7.052715e-02	1.944073e-01	-1.238802e-01	1.591438e-01	-1.499419e-02	2.817504e-03	2.213855e-02	1.388678e-02	8.251773e-03
328           	4.132546e-01	1.915651e-01	2.216895e-01	7.044086e-02	1.943406e-01	-1.238998e-01	1.591202e-01	-1.506221e-02	2.823607e-03	2.226762e-02	1.395742e-02	8.310205e-03
329           	4.133270e-01	1.915768e-01	2.217502e-01	7.042347e-02	1.943532e-01	-1.239297e-01	1.591415e-01	-1.508669e-02	2.830852e-03	2.231576e-02	1.398873e-02	8.327027e-03
330           	4.132738e-01	1.914989e-01	2.217749e-01	7.034193e-02	1.942839e-01	-1.239419e-01	1.591129e-01	-1.513797e-02	2.824220e-03	2.239972e-02	1.402408e-02	8.375639e-03
331           	4.133508e-01	1.914850e-01	2.218658e-01	7.030809e-02	1.942832e-01	-1.239751e-01	1.591291e-01	-1.519042e-02	2.832880e-03	2.249754e-02	1.408165e-02	8.415890e-03
332           	4.132598e-01	1.913673e-01	2.218925e-01	7.024598e-02	1.942126e-01	-1.239667e-01	1.590896e-01	-1.526263e-02	2.848899e-03	2.260951e-02	1.415365e-02	8.455856e-03
333           	4.132858e-01	1.913038e-01	2.219820e-01	7.026486e-02	1.942464e-01	-1.239815e-01	1.591139e-01	-1.533912e-02	2.882772e-03	2.275192e-02	1.425873e-02	8.493190e-03
334           	4.131962e-01	1.911538e-01	2.220424e-01	7.024298e-02	1.942081e-01	-1.239651e-01	1.590866e-01	-1.544432e-02	2.907000e-03	2.294452e-02	1.437926e-02	8.565261e-03
335           	4.132569e-01	1.910869e-01	2.221699e-01	7.024590e-02	1.942414e-01	-1.239955e-01	1.591184e-01	-1.554149e-02	2.945940e-03	2.313913e-02	1.451551e-02	8.623627e-03
336           	4.131433e-01	1.909134e-01	2.222299e-01	7.020643e-02	1.941546e-01	-1.239482e-01	1.590514e-01	-1.565822e-02	2.971591e-03	2.334676e-02	1.464497e-02	8.701788e-03
337           	4.131571e-01	1.908423e-01	2.223148e-01	7.024531e-02	1.941809e-01	-1.239356e-01	1.590582e-01	-1.573627e-02	3.011966e-03	2.348922e-02	1.475658e-02	8.732646e-03
338           	4.130326e-01	1.906923e-01	2.223404e-01	7.021475e-02	1.940881e-01	-1.238734e-01	1.589808e-01	-1.582404e-02	3.021503e-03	2.363775e-02	1.484038e-02	8.797370e-03
339           	4.130196e-01	1.906234e-01	2.223963e-01	7.018873e-02	1.940341e-01	-1.238454e-01	1.589398e-01	-1.588644e-02	3.037506e-03	2.375609e-02	1.491555e-02	8.840537e-03
340           	4.129229e-01	1.905026e-01	2.224203e-01	7.007489e-02	1.938894e-01	-1.238145e-01	1.588520e-01	-1.595884e-02	3.022946e-03	2.386878e-02	1.495733e-02	8.911442e-03
341           	4.129034e-01	1.904552e-01	2.224482e-01	7.003869e-02	1.938223e-01	-1.237836e-01	1.588030e-01	-1.599650e-02	3.022390e-03	2.392617e-02	1.498548e-02	8.940696e-03
342           	4.128068e-01	1.903685e-01	2.224382e-01	6.991157e-02	1.936785e-01	-1.237669e-01	1.587227e-01	-1.603486e-02	2.997050e-03	2.396672e-02	1.498041e-02	8.986309e-03
343           	4.128106e-01	1.903634e-01	2.224472e-01	6.988431e-02	1.936222e-01	-1.237379e-01	1.586801e-01	-1.604188e-02	2.987661e-03	2.396830e-02	1.497181e-02	8.996488e-03
344           	4.127353e-01	1.903234e-01	2.224119e-01	6.978680e-02	1.935012e-01	-1.237144e-01	1.586078e-01	-1.604424e-02	2.968849e-03	2.393443e-02	1.493607e-02	8.998368e-03
345           	4.127660e-01	1.903648e-01	2.224012e-01	6.974953e-02	1.934441e-01	-1.236945e-01	1.585693e-01	-1.601819e-02	2.971019e-03	2.386417e-02	1.490310e-02	8.961067e-03
346           	4.127020e-01	1.903651e-01	2.223369e-01	6.964670e-02	1.933239e-01	-1.236772e-01	1.585005e-01	-1.598589e-02	2.964668e-03	2.376010e-02	1.484472e-02	8.915380e-03
347           	4.127464e-01	1.904314e-01	2.223150e-01	6.962756e-02	1.932875e-01	-1.236600e-01	1.584737e-01	-1.594181e-02	2.970178e-03	2.365282e-02	1.479659e-02	8.856233e-03
348           	4.126605e-01	1.904357e-01	2.222248e-01	6.952793e-02	1.931715e-01	-1.236435e-01	1.584075e-01	-1.589458e-02	2.980759e-03	2.351470e-02	1.473811e-02	8.776590e-03
349           	4.127176e-01	1.905013e-01	2.222164e-01	6.947617e-02	1.931298e-01	-1.236537e-01	1.583917e-01	-1.585754e-02	2.995256e-03	2.342616e-02	1.470834e-02	8.717825e-03
350           	4.125928e-01	1.904683e-01	2.221245e-01	6.933350e-02	1.929785e-01	-1.236450e-01	1.583118e-01	-1.582810e-02	3.007070e-03	2.334559e-02	1.467987e-02	8.665727e-03
351           	4.126110e-01	1.905019e-01	2.221091e-01	6.926346e-02	1.929250e-01	-1.236615e-01	1.582932e-01	-1.580363e-02	3.027815e-03	2.331069e-02	1.468316e-02	8.627531e-03
352           	4.125176e-01	1.904611e-01	2.220565e-01	6.912968e-02	1.928137e-01	-1.236840e-01	1.582488e-01	-1.579772e-02	3.054818e-03	2.329361e-02	1.470162e-02	8.591987e-03
353           	4.125159e-01	1.904489e-01	2.220670e-01	6.904868e-02	1.927500e-01	-1.237013e-01	1.582256e-01	-1.580907e-02	3.092658e-03	2.333112e-02	1.475822e-02	8.572900e-03
354           	4.124024e-01	1.903539e-01	2.220485e-01	6.891454e-02	1.926358e-01	-1.237213e-01	1.581786e-01	-1.584732e-02	3.127874e-03	2.341006e-02	1.483291e-02	8.577157e-03
355           	4.124209e-01	1.903396e-01	2.220813e-01	6.888684e-02	1.926183e-01	-1.237315e-01	1.581749e-01	-1.587084e-02	3.170740e-03	2.348287e-02	1.491217e-02	8.570695e-03
356           	4.123107e-01	1.902127e-01	2.220980e-01	6.875841e-02	1.925087e-01	-1.237503e-01	1.581295e-01	-1.594265e-02	3.206242e-03	2.362267e-02	1.501757e-02	8.605091e-03
357           	4.122895e-01	1.901832e-01	2.221063e-01	6.874306e-02	1.924810e-01	-1.237379e-01	1.581095e-01	-1.596153e-02	3.243512e-03	2.367423e-02	1.508063e-02	8.593603e-03
358           	4.122136e-01	1.901184e-01	2.220952e-01	6.869250e-02	1.924410e-01	-1.237485e-01	1.580947e-01	-1.598837e-02	3.264824e-03	2.372707e-02	1.512836e-02	8.598710e-03
359           	4.122222e-01	1.901171e-01	2.221051e-01	6.868468e-02	1.924217e-01	-1.237371e-01	1.580794e-01	-1.599400e-02	3.280664e-03	2.374108e-02	1.515121e-02	8.589878e-03
360           	4.121456e-01	1.901113e-01	2.220343e-01	6.864649e-02	1.923587e-01	-1.237122e-01	1.580355e-01	-1.596148e-02	3.289801e-03	2.365552e-02	1.511756e-02	8.537960e-03
361           	4.121836e-01	1.901452e-01	2.220384e-01	6.868580e-02	1.923915e-01	-1.237057e-01	1.580486e-01	-1.594660e-02	3.300005e-03	2.360116e-02	1.510058e-02	8.500576e-03
362           	4.121553e-01	1.901899e-01	2.219654e-01	6.870966e-02	1.923906e-01	-1.236810e-01	1.580358e-01	-1.588774e-02	3.287487e-03	2.345183e-02	1.501340e-02	8.438429e-03
363           	4.122217e-01	1.902718e-01	2.219499e-01	6.874985e-02	1.924276e-01	-1.236777e-01	1.580527e-01	-1.583904e-02	3.284956e-03	2.333020e-02	1.495006e-02	8.380144e-03
364           	4.122154e-01	1.903188e-01	2.218966e-01	6.876934e-02	1.924590e-01	-1.236897e-01	1.580743e-01	-1.578894e-02	3.286130e-03	2.318986e-02	1.488106e-02	8.308798e-03
365           	4.123485e-01	1.904332e-01	2.219153e-01	6.885032e-02	1.925661e-01	-1.237158e-01	1.581409e-01	-1.574105e-02	3.294997e-03	2.306931e-02	1.482965e-02	8.239657e-03
366           	4.123656e-01	1.904793e-01	2.218863e-01	6.883849e-02	1.925889e-01	-1.237504e-01	1.581697e-01	-1.570350e-02	3.306440e-03	2.296160e-02	1.478724e-02	8.174358e-03
367           	4.125479e-01	1.906096e-01	2.219383e-01	6.895144e-02	1.927570e-01	-1.238056e-01	1.582813e-01	-1.566432e-02	3.328725e-03	2.286877e-02	1.476311e-02	8.105660e-03
368           	4.126257e-01	1.906880e-01	2.219377e-01	6.897596e-02	1.928474e-01	-1.238714e-01	1.583594e-01	-1.562482e-02	3.365535e-03	2.276471e-02	1.474789e-02	8.016818e-03
369           	4.128529e-01	1.908530e-01	2.220000e-01	6.902497e-02	1.929906e-01	-1.239656e-01	1.584781e-01	-1.557351e-02	3.415275e-03	2.266596e-02	1.474826e-02	7.917706e-03
370           	4.129267e-01	1.909452e-01	2.219815e-01	6.902543e-02	1.930590e-01	-1.240335e-01	1.585462e-01	-1.551813e-02	3.467169e-03	2.256668e-02	1.475051e-02	7.816169e-03
371           	4.131341e-01	1.911250e-01	2.220091e-01	6.911072e-02	1.932109e-01	-1.241002e-01	1.586555e-01	-1.544207e-02	3.532291e-03	2.244971e-02	1.475715e-02	7.692564e-03
372           	4.132202e-01	1.912465e-01	2.219737e-01	6.908383e-02	1.932486e-01	-1.241648e-01	1.587067e-01	-1.536356e-02	3.595236e-03	2.232207e-02	1.475627e-02	7.565799e-03
373           	4.133931e-01	1.914361e-01	2.219570e-01	6.913812e-02	1.933391e-01	-1.242009e-01	1.587700e-01	-1.526044e-02	3.665114e-03	2.216330e-02	1.474676e-02	7.416534e-03
374           	4.134573e-01	1.915529e-01	2.219044e-01	6.910893e-02	1.933467e-01	-1.242378e-01	1.587923e-01	-1.517572e-02	3.703691e-03	2.203879e-02	1.472308e-02	7.315703e-03
375           	4.136181e-01	1.917442e-01	2.218738e-01	6.913938e-02	1.933978e-01	-1.242584e-01	1.588281e-01	-1.506481e-02	3.730788e-03	2.187895e-02	1.467026e-02	7.208686e-03
376           	4.136550e-01	1.918707e-01	2.217843e-01	6.913020e-02	1.933945e-01	-1.242643e-01	1.588294e-01	-1.495676e-02	3.727363e-03	2.170490e-02	1.457981e-02	7.125085e-03
377           	4.138408e-01	1.920748e-01	2.217659e-01	6.916657e-02	1.934685e-01	-1.243019e-01	1.588852e-01	-1.484554e-02	3.706368e-03	2.153142e-02	1.447208e-02	7.059341e-03
378           	4.138905e-01	1.921880e-01	2.217024e-01	6.910574e-02	1.934395e-01	-1.243338e-01	1.588867e-01	-1.475719e-02	3.653148e-03	2.139842e-02	1.435236e-02	7.046063e-03
379           	4.140922e-01	1.923585e-01	2.217337e-01	6.911083e-02	1.935133e-01	-1.244025e-01	1.589579e-01	-1.468759e-02	3.590863e-03	2.131224e-02	1.424698e-02	7.065258e-03
380           	4.141590e-01	1.924144e-01	2.217445e-01	6.902265e-02	1.935070e-01	-1.244844e-01	1.589957e-01	-1.466507e-02	3.524924e-03	2.129530e-02	1.417257e-02	7.122726e-03
381           	4.143755e-01	1.925030e-01	2.218725e-01	6.893456e-02	1.935572e-01	-1.246227e-01	1.590899e-01	-1.468473e-02	3.466090e-03	2.137916e-02	1.415567e-02	7.223491e-03
382           	4.144450e-01	1.924859e-01	2.219591e-01	6.877683e-02	1.935440e-01	-1.247672e-01	1.591556e-01	-1.473662e-02	3.410690e-03	2.151923e-02	1.417031e-02	7.348927e-03
383           	4.146240e-01	1.924985e-01	2.221254e-01	6.867133e-02	1.935888e-01	-1.249174e-01	1.592531e-01	-1.481347e-02	3.381852e-03	2.172943e-02	1.424657e-02	7.482865e-03
384           	4.146887e-01	1.924204e-01	2.222683e-01	6.847330e-02	1.935508e-01	-1.250775e-01	1.593142e-01	-1.492397e-02	3.365378e-03	2.199105e-02	1.436090e-02	7.630147e-03
385           	4.148639e-01	1.923969e-01	2.224670e-01	6.833642e-02	1.935671e-01	-1.252307e-01	1.593989e-01	-1.503507e-02	3.373505e-03	2.225523e-02	1.450112e-02	7.754110e-03
386           	4.148569e-01	1.922638e-01	2.225931e-01	6.812657e-02	1.934496e-01	-1.253230e-01	1.593863e-01	-1.516462e-02	3.369363e-03	2.253920e-02	1.463896e-02	7.900236e-03
387           	4.149799e-01	1.922410e-01	2.227389e-01	6.806979e-02	1.934766e-01	-1.254068e-01	1.594417e-01	-1.524894e-02	3.386693e-03	2.271658e-02	1.474498e-02	7.971595e-03
388           	4.150369e-01	1.922029e-01	2.228340e-01	6.801934e-02	1.934882e-01	-1.254689e-01	1.594785e-01	-1.531558e-02	3.393844e-03	2.282831e-02	1.480800e-02	8.020311e-03
389           	4.151846e-01	1.922541e-01	2.229304e-01	6.805404e-02	1.935416e-01	-1.254876e-01	1.595146e-01	-1.533814e-02	3.410366e-03	2.284974e-02	1.483524e-02	8.014505e-03
390           	4.152291e-01	1.922673e-01	2.229618e-01	6.802794e-02	1.935290e-01	-1.255011e-01	1.595151e-01	-1.534727e-02	3.402860e-03	2.281774e-02	1.481173e-02	8.006012e-03
391           	4.154018e-01	1.923634e-01	2.230384e-01	6.816110e-02	1.936535e-01	-1.254924e-01	1.595730e-01	-1.533748e-02	3.393791e-03	2.274148e-02	1.476453e-02	7.976948e-03
392           	4.154660e-01	1.923958e-01	2.230702e-01	6.821184e-02	1.936923e-01	-1.254805e-01	1.595864e-01	-1.533718e-02	3.364713e-03	2.265759e-02	1.469351e-02	7.964084e-03
393           	4.155928e-01	1.924646e-01	2.231283e-01	6.830747e-02	1.937736e-01	-1.254662e-01	1.596199e-01	-1.533185e-02	3.348918e-03	2.258284e-02	1.464034e-02	7.942503e-03
394           	4.156381e-01	1.924649e-01	2.231732e-01	6.832301e-02	1.938192e-01	-1.254962e-01	1.596577e-01	-1.535411e-02	3.318796e-03	2.257629e-02	1.460694e-02	7.969348e-03
395           	4.157914e-01	1.925121e-01	2.232794e-01	6.834428e-02	1.939160e-01	-1.255717e-01	1.597438e-01	-1.538365e-02	3.306155e-03	2.261639e-02	1.461435e-02	8.002040e-03
396           	4.157800e-01	1.924548e-01	2.233252e-01	6.821280e-02	1.938636e-01	-1.256508e-01	1.597572e-01	-1.543516e-02	3.295430e-03	2.270234e-02	1.464660e-02	8.055741e-03
397           	4.158587e-01	1.924394e-01	2.234193e-01	6.810041e-02	1.938768e-01	-1.257764e-01	1.598266e-01	-1.548995e-02	3.306880e-03	2.282143e-02	1.471760e-02	8.103835e-03
398           	4.158299e-01	1.923262e-01	2.235037e-01	6.788052e-02	1.938012e-01	-1.259207e-01	1.598609e-01	-1.558871e-02	3.299319e-03	2.302839e-02	1.481351e-02	8.214876e-03
399           	4.158895e-01	1.922644e-01	2.236251e-01	6.769406e-02	1.937629e-01	-1.260689e-01	1.599159e-01	-1.568036e-02	3.310426e-03	2.324223e-02	1.493154e-02	8.310691e-03
400           	4.158100e-01	1.921243e-01	2.236857e-01	6.745206e-02	1.936374e-01	-1.261853e-01	1.599113e-01	-1.578073e-02	3.306479e-03	2.345767e-02	1.503532e-02	8.422358e-03
401           	4.158306e-01	1.920562e-01	2.237744e-01	6.728949e-02	1.936016e-01	-1.263121e-01	1.599568e-01	-1.585910e-02	3.310148e-03	2.363717e-02	1.512873e-02	8.508436e-03
402           	4.157693e-01	1.919331e-01	2.238362e-01	6.708814e-02	1.935132e-01	-1.264251e-01	1.599692e-01	-1.595156e-02	3.283403e-03	2.382786e-02	1.519733e-02	8.630525e-03
403           	4.158063e-01	1.918869e-01	2.239194e-01	6.703401e-02	1.935343e-01	-1.265003e-01	1.600173e-01	-1.601624e-02	3.274625e-03	2.397311e-02	1.526118e-02	8.711928e-03
404           	4.157352e-01	1.917794e-01	2.239559e-01	6.692319e-02	1.934743e-01	-1.265511e-01	1.600127e-01	-1.608825e-02	3.255730e-03	2.410608e-02	1.530877e-02	8.797311e-03
405           	4.157485e-01	1.917164e-01	2.240321e-01	6.693389e-02	1.935135e-01	-1.265796e-01	1.600465e-01	-1.615784e-02	3.251633e-03	2.423559e-02	1.536943e-02	8.866159e-03
406           	4.156955e-01	1.916118e-01	2.240837e-01	6.690599e-02	1.935152e-01	-1.266093e-01	1.600622e-01	-1.623592e-02	3.232765e-03	2.435484e-02	1.541019e-02	8.944655e-03
407           	4.156846e-01	1.915218e-01	2.241628e-01	6.697246e-02	1.935639e-01	-1.265915e-01	1.600777e-01	-1.632048e-02	3.228641e-03	2.449868e-02	1.547798e-02	9.020700e-03
408           	4.155979e-01	1.913838e-01	2.242140e-01	6.699202e-02	1.935702e-01	-1.265782e-01	1.600742e-01	-1.641509e-02	3.224668e-03	2.463415e-02	1.554174e-02	9.092407e-03
409           	4.155967e-01	1.912791e-01	2.243176e-01	6.709448e-02	1.936540e-01	-1.265595e-01	1.601067e-01	-1.651921e-02	3.241556e-03	2.480168e-02	1.564239e-02	9.159281e-03
410           	4.154764e-01	1.911019e-01	2.243745e-01	6.709900e-02	1.936311e-01	-1.265321e-01	1.600816e-01	-1.663627e-02	3.246643e-03	2.497146e-02	1.573237e-02	9.239088e-03
411           	4.154345e-01	1.909582e-01	2.244763e-01	6.718832e-02	1.936803e-01	-1.264920e-01	1.600862e-01	-1.675906e-02	3.265435e-03	2.515595e-02	1.584341e-02	9.312539e-03
412           	4.152936e-01	1.907547e-01	2.245389e-01	6.721407e-02	1.936684e-01	-1.264544e-01	1.600614e-01	-1.689208e-02	3.276900e-03	2.532853e-02	1.594117e-02	9.387365e-03
413           	4.152402e-01	1.905836e-01	2.246566e-01	6.725866e-02	1.936820e-01	-1.264234e-01	1.600527e-01	-1.703645e-02	3.292703e-03	2.553140e-02	1.605840e-02	9.472996e-03
414           	4.150232e-01	1.903277e-01	2.246955e-01	6.724092e-02	1.935839e-01	-1.263429e-01	1.599634e-01	-1.718386e-02	3.292693e-03	2.573137e-02	1.615838e-02	9.572990e-03
415           	4.149530e-01	1.901531e-01	2.247999e-01	6.730434e-02	1.936069e-01	-1.263026e-01	1.599548e-01	-1.732344e-02	3.291865e-03	2.593896e-02	1.626135e-02	9.677618e-03
416           	4.148061e-01	1.899409e-01	2.248652e-01	6.728374e-02	1.935574e-01	-1.262736e-01	1.599155e-01	-1.746215e-02	3.274792e-03	2.611782e-02	1.633370e-02	9.784119e-03
417           	4.147290e-01	1.897722e-01	2.249568e-01	6.732445e-02	1.935538e-01	-1.262294e-01	1.598916e-01	-1.759233e-02	3.257420e-03	2.630319e-02	1.640901e-02	9.894175e-03
418           	4.145519e-01	1.895589e-01	2.249930e-01	6.730686e-02	1.934867e-01	-1.261798e-01	1.598332e-01	-1.771701e-02	3.234666e-03	2.647645e-02	1.647289e-02	1.000356e-02
419           	4.145048e-01	1.894039e-01	2.251009e-01	6.734638e-02	1.935032e-01	-1.261568e-01	1.598300e-01	-1.784852e-02	3.213876e-03	2.668660e-02	1.655718e-02	1.012942e-02
420           	4.143607e-01	1.892070e-01	2.251537e-01	6.730408e-02	1.934417e-01	-1.261376e-01	1.597897e-01	-1.797331e-02	3.200605e-03	2.686868e-02	1.663495e-02	1.023374e-02
421           	4.143175e-01	1.890583e-01	2.252593e-01	6.732390e-02	1.934479e-01	-1.261240e-01	1.597860e-01	-1.810050e-02	3.192060e-03	2.707667e-02	1.673039e-02	1.034627e-02
422           	4.141745e-01	1.888622e-01	2.253123e-01	6.727893e-02	1.933969e-01	-1.261180e-01	1.597575e-01	-1.822502e-02	3.178221e-03	2.727591e-02	1.681618e-02	1.045974e-02
423           	4.141739e-01	1.887522e-01	2.254217e-01	6.729284e-02	1.934126e-01	-1.261197e-01	1.597662e-01	-1.833472e-02	3.167846e-03	2.747101e-02	1.690335e-02	1.056766e-02
424           	4.140422e-01	1.885433e-01	2.254989e-01	6.724014e-02	1.933534e-01	-1.261133e-01	1.597334e-01	-1.847778e-02	3.166831e-03	2.770632e-02	1.701999e-02	1.068633e-02
425           	4.140767e-01	1.884578e-01	2.256189e-01	6.725951e-02	1.933856e-01	-1.261261e-01	1.597558e-01	-1.858057e-02	3.156581e-03	2.788109e-02	1.709713e-02	1.078397e-02
426           	4.139730e-01	1.882804e-01	2.256925e-01	6.718975e-02	1.933159e-01	-1.261261e-01	1.597210e-01	-1.870606e-02	3.140581e-03	2.807409e-02	1.717762e-02	1.089646e-02
427           	4.140496e-01	1.882371e-01	2.258125e-01	6.720873e-02	1.933531e-01	-1.261444e-01	1.597487e-01	-1.878770e-02	3.124386e-03	2.820460e-02	1.722669e-02	1.097791e-02
428           	4.139966e-01	1.881109e-01	2.258857e-01	6.717543e-02	1.933138e-01	-1.261384e-01	1.597261e-01	-1.888741e-02	3.107189e-03	2.833984e-02	1.727711e-02	1.106273e-02
429           	4.141088e-01	1.881112e-01	2.259976e-01	6.722311e-02	1.933784e-01	-1.261553e-01	1.597668e-01	-1.894319e-02	3.100930e-03	2.841474e-02	1.730830e-02	1.110644e-02
430           	4.141089e-01	1.880378e-01	2.260712e-01	6.723214e-02	1.933803e-01	-1.261482e-01	1.597643e-01	-1.901671e-02	3.078788e-03	2.849935e-02	1.732846e-02	1.117089e-02
431           	4.142318e-01	1.880526e-01	2.261792e-01	6.730211e-02	1.934510e-01	-1.261489e-01	1.598000e-01	-1.906331e-02	3.066356e-03	2.855620e-02	1.734446e-02	1.121175e-02
432           	4.142585e-01	1.880150e-01	2.262435e-01	6.731883e-02	1.934690e-01	-1.261502e-01	1.598096e-01	-1.911428e-02	3.051714e-03	2.860466e-02	1.735404e-02	1.125061e-02
433           	4.144205e-01	1.880572e-01	2.263633e-01	6.735902e-02	1.935333e-01	-1.261743e-01	1.598538e-01	-1.915306e-02	3.048222e-03	2.866241e-02	1.737942e-02	1.128298e-02
434           	4.144370e-01	1.880254e-01	2.264116e-01	6.732778e-02	1.935134e-01	-1.261856e-01	1.598495e-01	-1.919311e-02	3.033000e-03	2.872150e-02	1.739375e-02	1.132775e-02
435           	4.145952e-01	1.880833e-01	2.265118e-01	6.739295e-02	1.936093e-01	-1.262164e-01	1.599128e-01	-1.921424e-02	3.025577e-03	2.876481e-02	1.740798e-02	1.135683e-02
436           	4.146528e-01	1.881059e-01	2.265468e-01	6.738337e-02	1.936327e-01	-1.262494e-01	1.599411e-01	-1.922045e-02	3.011372e-03	2.876368e-02	1.739321e-02	1.137047e-02
437           	4.148061e-01	1.881883e-01	2.266178e-01	6.742436e-02	1.937009e-01	-1.262766e-01	1.599888e-01	-1.921475e-02	3.001902e-03	2.876274e-02	1.738327e-02	1.137947e-02
438           	4.148438e-01	1.882224e-01	2.266214e-01	6.739975e-02	1.936961e-01	-1.262964e-01	1.599962e-01	-1.919947e-02	2.979334e-03	2.872889e-02	1.734378e-02	1.138511e-02
439           	4.150305e-01	1.883457e-01	2.266848e-01	6.741254e-02	1.937715e-01	-1.263590e-01	1.600653e-01	-1.916953e-02	2.961697e-03	2.868327e-02	1.730333e-02	1.137994e-02
440           	4.150606e-01	1.884325e-01	2.266281e-01	6.742843e-02	1.937749e-01	-1.263464e-01	1.600606e-01	-1.909779e-02	2.930921e-03	2.853095e-02	1.719640e-02	1.133455e-02
441           	4.152366e-01	1.885914e-01	2.266452e-01	6.748137e-02	1.938608e-01	-1.263794e-01	1.601201e-01	-1.902692e-02	2.909094e-03	2.840353e-02	1.711086e-02	1.129267e-02
442           	4.152704e-01	1.886884e-01	2.265820e-01	6.745072e-02	1.938551e-01	-1.264044e-01	1.601297e-01	-1.894678e-02	2.880120e-03	2.825313e-02	1.700669e-02	1.124645e-02
443           	4.154157e-01	1.888351e-01	2.265806e-01	6.748703e-02	1.939206e-01	-1.264336e-01	1.601771e-01	-1.887276e-02	2.862877e-03	2.813649e-02	1.693112e-02	1.120537e-02
444           	4.154386e-01	1.889222e-01	2.265164e-01	6.744489e-02	1.939090e-01	-1.264641e-01	1.601866e-01	-1.879711e-02	2.841646e-03	2.799181e-02	1.683755e-02	1.115426e-02
445           	4.155693e-01	1.890603e-01	2.265090e-01	6.744282e-02	1.939535e-01	-1.265107e-01	1.602321e-01	-1.872437e-02	2.831587e-03	2.787505e-02	1.676911e-02	1.110594e-02
446           	4.155507e-01	1.891225e-01	2.264282e-01	6.737293e-02	1.939110e-01	-1.265380e-01	1.602245e-01	-1.865284e-02	2.811652e-03	2.775467e-02	1.668899e-02	1.106568e-02
447           	4.156784e-01	1.892615e-01	2.264169e-01	6.737331e-02	1.939608e-01	-1.265875e-01	1.602742e-01	-1.857774e-02	2.810343e-03	2.765156e-02	1.663612e-02	1.101544e-02
448           	4.156991e-01	1.893552e-01	2.263439e-01	6.731435e-02	1.939448e-01	-1.266304e-01	1.602876e-01	-1.849433e-02	2.810483e-03	2.751430e-02	1.656763e-02	1.094667e-02
449           	4.158087e-01	1.895061e-01	2.263027e-01	6.731036e-02	1.939783e-01	-1.266679e-01	1.603231e-01	-1.839829e-02	2.823898e-03	2.736208e-02	1.650494e-02	1.085714e-02
450           	4.158104e-01	1.896025e-01	2.262079e-01	6.724460e-02	1.939404e-01	-1.266958e-01	1.603181e-01	-1.830267e-02	2.818882e-03	2.719708e-02	1.641742e-02	1.077966e-02
451           	4.159316e-01	1.897531e-01	2.261785e-01	6.725777e-02	1.939811e-01	-1.267233e-01	1.603522e-01	-1.821267e-02	2.823591e-03	2.705759e-02	1.635239e-02	1.070521e-02
452           	4.159300e-01	1.898751e-01	2.260549e-01	6.722357e-02	1.939456e-01	-1.267220e-01	1.603338e-01	-1.808987e-02	2.826502e-03	2.684069e-02	1.624685e-02	1.059385e-02
453           	4.160507e-01	1.900302e-01	2.260205e-01	6.725835e-02	1.939965e-01	-1.267382e-01	1.603673e-01	-1.799512e-02	2.831500e-03	2.669500e-02	1.617900e-02	1.051600e-02
454           	4.160622e-01	1.901777e-01	2.258845e-01	6.724132e-02	1.939806e-01	-1.267393e-01	1.603599e-01	-1.785338e-02	2.818733e-03	2.644640e-02	1.604193e-02	1.040447e-02
455           	4.161877e-01	1.903419e-01	2.258459e-01	6.729214e-02	1.940408e-01	-1.267487e-01	1.603947e-01	-1.775199e-02	2.810053e-03	2.628804e-02	1.595407e-02	1.033397e-02
456           	4.161948e-01	1.904840e-01	2.257108e-01	6.730069e-02	1.940407e-01	-1.267400e-01	1.603904e-01	-1.761343e-02	2.797200e-03	2.604166e-02	1.581803e-02	1.022363e-02
457           	4.163287e-01	1.906403e-01	2.256884e-01	6.733554e-02	1.940988e-01	-1.267633e-01	1.604311e-01	-1.752405e-02	2.794867e-03	2.590186e-02	1.574579e-02	1.015606e-02
458           	4.163095e-01	1.907234e-01	2.255861e-01	6.730509e-02	1.940665e-01	-1.267614e-01	1.604139e-01	-1.743140e-02	2.781978e-03	2.574294e-02	1.565345e-02	1.008949e-02
459           	4.164061e-01	1.908507e-01	2.255555e-01	6.733449e-02	1.941230e-01	-1.267885e-01	1.604557e-01	-1.735238e-02	2.771536e-03	2.563475e-02	1.558891e-02	1.004584e-02
460           	4.164096e-01	1.909175e-01	2.254921e-01	6.730125e-02	1.941197e-01	-1.268185e-01	1.604691e-01	-1.728731e-02	2.760787e-03	2.553497e-02	1.552827e-02	1.000670e-02
461           	4.165043e-01	1.910292e-01	2.254751e-01	6.733560e-02	1.941866e-01	-1.268510e-01	1.605188e-01	-1.722297e-02	2.768033e-03	2.545060e-02	1.549334e-02	9.957269e-03
462           	4.164872e-01	1.910522e-01	2.254350e-01	6.728803e-02	1.941716e-01	-1.268836e-01	1.605276e-01	-1.719141e-02	2.756367e-03	2.542488e-02	1.546881e-02	9.956073e-03
463           	4.165777e-01	1.911240e-01	2.254536e-01	6.730848e-02	1.942334e-01	-1.269249e-01	1.605791e-01	-1.716480e-02	2.752945e-03	2.542312e-02	1.546451e-02	9.958617e-03
464           	4.165567e-01	1.911339e-01	2.254227e-01	6.725608e-02	1.942077e-01	-1.269517e-01	1.605797e-01	-1.714440e-02	2.744348e-03	2.540267e-02	1.544568e-02	9.956988e-03
465           	4.166238e-01	1.912005e-01	2.254233e-01	6.727249e-02	1.942547e-01	-1.269822e-01	1.606185e-01	-1.711140e-02	2.744669e-03	2.537445e-02	1.543190e-02	9.942558e-03
466           	4.166250e-01	1.912289e-01	2.253962e-01	6.726283e-02	1.942715e-01	-1.270087e-01	1.606401e-01	-1.708366e-02	2.736144e-03	2.534072e-02	1.540651e-02	9.934217e-03
467           	4.167088e-01	1.912952e-01	2.254135e-01	6.730724e-02	1.943381e-01	-1.270309e-01	1.606845e-01	-1.705914e-02	2.736579e-03	2.533454e-02	1.540385e-02	9.930693e-03
468           	4.167109e-01	1.913237e-01	2.253873e-01	6.731787e-02	1.943647e-01	-1.270468e-01	1.607057e-01	-1.703180e-02	2.740841e-03	2.528708e-02	1.538438e-02	9.902698e-03
469           	4.168057e-01	1.913859e-01	2.254198e-01	6.738980e-02	1.944554e-01	-1.270656e-01	1.607605e-01	-1.701697e-02	2.749511e-03	2.527666e-02	1.538784e-02	9.888820e-03
470           	4.167779e-01	1.913656e-01	2.254123e-01	6.741176e-02	1.944675e-01	-1.270557e-01	1.607616e-01	-1.702337e-02	2.754628e-03	2.529331e-02	1.540128e-02	9.892026e-03
471           	4.168535e-01	1.913661e-01	2.254874e-01	6.749532e-02	1.945496e-01	-1.270543e-01	1.608019e-01	-1.706067e-02	2.758358e-03	2.540035e-02	1.545853e-02	9.941817e-03
472           	4.168326e-01	1.913241e-01	2.255086e-01	6.756762e-02	1.945973e-01	-1.270297e-01	1.608135e-01	-1.709223e-02	2.782079e-03	2.548393e-02	1.552404e-02	9.959884e-03
473           	4.169105e-01	1.913072e-01	2.256034e-01	6.765314e-02	1.946883e-01	-1.270351e-01	1.608617e-01	-1.714809e-02	2.796509e-03	2.562618e-02	1.560960e-02	1.001658e-02
474           	4.168766e-01	1.912404e-01	2.256361e-01	6.769590e-02	1.947139e-01	-1.270180e-01	1.608659e-01	-1.719787e-02	2.808504e-03	2.574283e-02	1.567992e-02	1.006291e-02
475           	4.169620e-01	1.912274e-01	2.257345e-01	6.780694e-02	1.948224e-01	-1.270155e-01	1.609190e-01	-1.725354e-02	2.818147e-03	2.588906e-02	1.576268e-02	1.012638e-02
476           	4.169523e-01	1.911701e-01	2.257822e-01	6.785196e-02	1.948526e-01	-1.270007e-01	1.609266e-01	-1.730609e-02	2.833938e-03	2.600864e-02	1.583826e-02	1.017038e-02
477           	4.170389e-01	1.911550e-01	2.258838e-01	6.794363e-02	1.949357e-01	-1.269920e-01	1.609639e-01	-1.736440e-02	2.847516e-03	2.615944e-02	1.592723e-02	1.023220e-02
478           	4.170389e-01	1.911028e-01	2.259361e-01	6.798763e-02	1.949688e-01	-1.269812e-01	1.609750e-01	-1.741662e-02	2.855993e-03	2.628673e-02	1.599936e-02	1.028737e-02
479           	4.171646e-01	1.911027e-01	2.260619e-01	6.808647e-02	1.950675e-01	-1.269811e-01	1.610243e-01	-1.747964e-02	2.853723e-03	2.645671e-02	1.608208e-02	1.037463e-02
480           	4.171890e-01	1.910588e-01	2.261302e-01	6.815700e-02	1.951181e-01	-1.269611e-01	1.610396e-01	-1.753567e-02	2.862531e-03	2.659491e-02	1.615999e-02	1.043492e-02
481           	4.173205e-01	1.910679e-01	2.262526e-01	6.828281e-02	1.952423e-01	-1.269594e-01	1.611009e-01	-1.759234e-02	2.869101e-03	2.674687e-02	1.624254e-02	1.050434e-02
482           	4.173486e-01	1.910182e-01	2.263303e-01	6.834377e-02	1.952767e-01	-1.269330e-01	1.611048e-01	-1.765605e-02	2.874688e-03	2.691539e-02	1.633238e-02	1.058301e-02
483           	4.174840e-01	1.910218e-01	2.264623e-01	6.847506e-02	1.953972e-01	-1.269222e-01	1.611597e-01	-1.772024e-02	2.872699e-03	2.707881e-02	1.641210e-02	1.066671e-02
484           	4.175379e-01	1.909804e-01	2.265575e-01	6.855665e-02	1.954647e-01	-1.269081e-01	1.611864e-01	-1.778852e-02	2.873510e-03	2.723856e-02	1.649279e-02	1.074577e-02
485           	4.176700e-01	1.909926e-01	2.266774e-01	6.869931e-02	1.955872e-01	-1.268879e-01	1.612376e-01	-1.784243e-02	2.880934e-03	2.737112e-02	1.656649e-02	1.080463e-02
486           	4.176973e-01	1.909359e-01	2.267615e-01	6.875920e-02	1.956245e-01	-1.268653e-01	1.612449e-01	-1.791280e-02	2.881537e-03	2.752238e-02	1.664273e-02	1.087965e-02
487           	4.178200e-01	1.909423e-01	2.268777e-01	6.892397e-02	1.957686e-01	-1.268446e-01	1.613066e-01	-1.796769e-02	2.881797e-03	2.764499e-02	1.670429e-02	1.094070e-02
488           	4.178733e-01	1.909073e-01	2.269659e-01	6.897481e-02	1.958211e-01	-1.268463e-01	1.613337e-01	-1.802931e-02	2.882499e-03	2.774722e-02	1.675611e-02	1.099111e-02
489           	4.179582e-01	1.909069e-01	2.270513e-01	6.910277e-02	1.959173e-01	-1.268146e-01	1.613660e-01	-1.807217e-02	2.882313e-03	2.782313e-02	1.679388e-02	1.102925e-02
490           	4.179719e-01	1.908380e-01	2.271340e-01	6.912219e-02	1.959333e-01	-1.268111e-01	1.613722e-01	-1.814799e-02	2.875879e-03	2.794526e-02	1.684851e-02	1.109675e-02
491           	4.180477e-01	1.908247e-01	2.272230e-01	6.926456e-02	1.960439e-01	-1.267793e-01	1.614116e-01	-1.819915e-02	2.880670e-03	2.803075e-02	1.689604e-02	1.113471e-02
492           	4.180600e-01	1.907372e-01	2.273228e-01	6.922895e-02	1.960321e-01	-1.268032e-01	1.614176e-01	-1.829281e-02	2.882162e-03	2.816392e-02	1.696412e-02	1.119980e-02
493           	4.181054e-01	1.907130e-01	2.273925e-01	6.933276e-02	1.961010e-01	-1.267682e-01	1.614346e-01	-1.833973e-02	2.891292e-03	2.823022e-02	1.700640e-02	1.122382e-02
494           	4.180788e-01	1.905916e-01	2.274872e-01	6.929331e-02	1.960827e-01	-1.267894e-01	1.614360e-01	-1.844782e-02	2.899016e-03	2.837826e-02	1.708815e-02	1.129011e-02
495           	4.180879e-01	1.905359e-01	2.275521e-01	6.935384e-02	1.961151e-01	-1.267613e-01	1.614382e-01	-1.850811e-02	2.909761e-03	2.847440e-02	1.714696e-02	1.132744e-02
496           	4.180332e-01	1.903910e-01	2.276422e-01	6.930306e-02	1.960879e-01	-1.267849e-01	1.614364e-01	-1.862558e-02	2.945220e-03	2.864178e-02	1.726611e-02	1.137567e-02
497           	4.180279e-01	1.903270e-01	2.277009e-01	6.936127e-02	1.961185e-01	-1.267572e-01	1.614378e-01	-1.868698e-02	2.970581e-03	2.873829e-02	1.733973e-02	1.139857e-02
498           	4.179403e-01	1.901492e-01	2.277910e-01	6.923308e-02	1.960367e-01	-1.268036e-01	1.614202e-01	-1.882092e-02	2.998808e-03	2.894471e-02	1.747116e-02	1.147355e-02
499           	4.179166e-01	1.900700e-01	2.278466e-01	6.927233e-02	1.960499e-01	-1.267776e-01	1.614138e-01	-1.888826e-02	3.016531e-03	2.905833e-02	1.754570e-02	1.151264e-02
500           	4.178002e-01	1.898920e-01	2.279082e-01	6.917071e-02	1.959746e-01	-1.268039e-01	1.613892e-01	-1.900810e-02	3.057670e-03	2.923322e-02	1.767428e-02	1.155894e-02
